root: 11.0

0)	cpp_primitive 41 {
	0)	?
	1)	GUI_ECT
	2)	GUI_cls
	3)	GUI_conway
	4)	GUI_copy
	5)	GUI_draw_bool
	6)	GUI_draw_color
	7)	GUI_draw_outline
	8)	GUI_draw_silhouette
	9)	GUI_embed_center
	10)	GUI_flex
	11)	GUI_get_color
	12)	GUI_pen_color
	13)	GUI_pen_move
	14)	GUI_poit
	15)	associate
	16)	add
	17)	char_print
	18)	display
	19)	double_add
	20)	double_divide
	21)	double_multiply
	22)	double_subtract
	23)	export
	24)	get_next_keydown
	25)	import
	26)	int_add
	27)	int_divide
	28)	int_mod
	29)	int_multiply
	30)	int_subtract
	31)	int_to_char
	32)	lookup
	33)	map_char
	34)	new_GUI
	35)	new_SDL_Surface
	36)	new_color
	37)	new_key_map
	38)	println
	39)	remove
	40)	system
}

1)	cstring 28 {
	0)	FALSE
	1)	Hercules
	2)	Kronos
	3)	TRUE
	4)	Zeus
	5)	a
	6)	b
	7)	baz
	8)	c
	9)	d
	10)	e
	11)	father
	12)	first
	13)	foo
	14)	list1
	15)	list2
	16)	mogo
	17)	next
	18)	next1
	19)	next2
	20)	nextfunc
	21)	og
	22)	prev
	23)	second
	24)	tony
	25)	toss
	26)	weird
	27)	whereto
}

2)	data_type 16 {
	0)	GUI
	1)	SDL_Surface
	2)	array
	3)	associative_array
	4)	bitmap
	5)	char
	6)	color
	7)	cpp_primitive
	8)	cstring
	9)	data_type
	10)	double
	11)	expression
	12)	int
	13)	key_map
	14)	lookup_table
	15)	ternary_associative_array
}

3)	color 10 {
	0)	000000
	1)	0000FF
	2)	7F7F7F
	3)	00FF00
	4)	FF7F00
	5)	FF0000
	6)	E8F4FF
	7)	7F00FF
	8)	FFFFFF
	9)	FFFF00
}

4)	int 11 {
	0)	16
	1)	16
	2)	10
	3)	1
	4)	0
	5)	0
	6)	-1
	7)	0
	8)	1
	9)	-1
	10)	0
}

5)	SDL_Surface 1 {
	0)	160 160
}

6)	char 256 {
	0)	0
	1)	1
	2)	2
	3)	3
	4)	4
	5)	5
	6)	6
	7)	7
	8)	8
	9)	9
	10)	10
	11)	11
	12)	12
	13)	13
	14)	14
	15)	15
	16)	16
	17)	17
	18)	18
	19)	19
	20)	20
	21)	21
	22)	22
	23)	23
	24)	24
	25)	25
	26)	26
	27)	27
	28)	28
	29)	29
	30)	30
	31)	31
	32)	32
	33)	33
	34)	34
	35)	35
	36)	36
	37)	37
	38)	38
	39)	39
	40)	40
	41)	41
	42)	42
	43)	43
	44)	44
	45)	45
	46)	46
	47)	47
	48)	48
	49)	49
	50)	50
	51)	51
	52)	52
	53)	53
	54)	54
	55)	55
	56)	56
	57)	57
	58)	58
	59)	59
	60)	60
	61)	61
	62)	62
	63)	63
	64)	64
	65)	65
	66)	66
	67)	67
	68)	68
	69)	69
	70)	70
	71)	71
	72)	72
	73)	73
	74)	74
	75)	75
	76)	76
	77)	77
	78)	78
	79)	79
	80)	80
	81)	81
	82)	82
	83)	83
	84)	84
	85)	85
	86)	86
	87)	87
	88)	88
	89)	89
	90)	90
	91)	91
	92)	92
	93)	93
	94)	94
	95)	95
	96)	96
	97)	97
	98)	98
	99)	99
	100)	100
	101)	101
	102)	102
	103)	103
	104)	104
	105)	105
	106)	106
	107)	107
	108)	108
	109)	109
	110)	110
	111)	111
	112)	112
	113)	113
	114)	114
	115)	115
	116)	116
	117)	117
	118)	118
	119)	119
	120)	120
	121)	121
	122)	122
	123)	123
	124)	124
	125)	125
	126)	126
	127)	127
	128)	-128
	129)	-127
	130)	-126
	131)	-125
	132)	-124
	133)	-123
	134)	-122
	135)	-121
	136)	-120
	137)	-119
	138)	-118
	139)	-117
	140)	-116
	141)	-115
	142)	-114
	143)	-113
	144)	-112
	145)	-111
	146)	-110
	147)	-109
	148)	-108
	149)	-107
	150)	-106
	151)	-105
	152)	-104
	153)	-103
	154)	-102
	155)	-101
	156)	-100
	157)	-99
	158)	-98
	159)	-97
	160)	-96
	161)	-95
	162)	-94
	163)	-93
	164)	-92
	165)	-91
	166)	-90
	167)	-89
	168)	-88
	169)	-87
	170)	-86
	171)	-85
	172)	-84
	173)	-83
	174)	-82
	175)	-81
	176)	-80
	177)	-79
	178)	-78
	179)	-77
	180)	-76
	181)	-75
	182)	-74
	183)	-73
	184)	-72
	185)	-71
	186)	-70
	187)	-69
	188)	-68
	189)	-67
	190)	-66
	191)	-65
	192)	-64
	193)	-63
	194)	-62
	195)	-61
	196)	-60
	197)	-59
	198)	-58
	199)	-57
	200)	-56
	201)	-55
	202)	-54
	203)	-53
	204)	-52
	205)	-51
	206)	-50
	207)	-49
	208)	-48
	209)	-47
	210)	-46
	211)	-45
	212)	-44
	213)	-43
	214)	-42
	215)	-41
	216)	-40
	217)	-39
	218)	-38
	219)	-37
	220)	-36
	221)	-35
	222)	-34
	223)	-33
	224)	-32
	225)	-31
	226)	-30
	227)	-29
	228)	-28
	229)	-27
	230)	-26
	231)	-25
	232)	-24
	233)	-23
	234)	-22
	235)	-21
	236)	-20
	237)	-19
	238)	-18
	239)	-17
	240)	-16
	241)	-15
	242)	-14
	243)	-13
	244)	-12
	245)	-11
	246)	-10
	247)	-9
	248)	-8
	249)	-7
	250)	-6
	251)	-5
	252)	-4
	253)	-3
	254)	-2
	255)	-1
}

7)	key_map 1 {
	0)	256 { 0 1 2 3 4 5 6 7 8 9 10 11 12 13 14 15 16 17 18 19 20 21 22 23 24 25 26 27 28 29 30 31 32 33 34 35 36 37 38 39 40 41 42 43 44 45 46 47 48 49 50 51 52 53 54 55 56 57 58 59 60 61 62 63 64 65 66 67 68 69 70 71 72 73 74 75 76 77 78 79 80 81 82 83 84 85 86 87 88 89 90 91 92 93 94 95 96 97 98 99 100 101 102 103 104 105 106 107 108 109 110 111 112 113 114 115 116 117 118 119 120 121 122 123 124 125 126 127 128 129 130 131 132 133 134 135 136 137 138 139 140 141 142 143 144 145 146 147 148 149 150 151 152 153 154 155 156 157 158 159 160 161 162 163 164 165 166 167 168 169 170 171 172 173 174 175 176 177 178 179 180 181 182 183 184 185 186 187 188 189 190 191 192 193 194 195 196 197 198 199 200 201 202 203 204 205 206 207 208 209 210 211 212 213 214 215 216 217 218 219 220 221 222 223 224 225 226 227 228 229 230 231 232 233 234 235 236 237 238 239 240 241 242 243 244 245 246 247 248 249 250 251 252 253 254 255 }
}

8)	bitmap 1 {
	0)	16 16 3.8 {
		8	8	8	8	8	8	8	8	8	8	8	8	8	8	8	8
		8	8	8	8	8	8	8	8	8	8	8	8	8	8	8	8
		8	8	8	8	8	8	8	8	8	8	8	8	8	8	8	8
		8	8	8	8	8	8	8	8	8	8	8	8	8	8	8	8
		8	8	8	8	8	8	8	8	8	8	8	8	8	8	8	8
		8	8	8	8	8	8	8	8	8	8	8	8	8	8	8	8
		8	8	8	8	8	8	8	8	8	8	8	8	8	8	8	8
		8	8	8	8	8	8	8	8	8	8	8	8	8	8	8	8
		8	8	8	8	8	8	8	8	8	8	8	8	8	8	8	8
		8	8	8	8	8	8	8	8	8	8	8	8	8	8	8	8
		8	8	8	8	8	8	8	8	8	8	8	8	8	8	8	8
		8	8	8	8	8	8	8	8	8	8	8	8	8	8	8	8
		8	8	8	8	8	8	8	8	8	8	8	8	8	8	8	8
		8	8	8	8	8	8	8	8	8	8	8	8	8	8	8	8
		8	8	8	8	8	8	8	8	8	8	8	8	8	8	8	8
		8	8	8	8	8	8	8	8	8	8	8	8	8	8	8	8
	}
}

9)	GUI 1 {
	0)	5.0	8.0	10
}

10)	expression 51 {
	0)	E 5 2 ( 0 1 1 )
	1)	E 6 2 ( 0 1 1 1 )
	2)	E 7 2 ( 0 1 1 1 1 )
	3)	E 8 2 ( 0 1 1 1 1 1 )
	4)	E 26 2 ( 0 ( 1.17 ( 1 0.15 ) ) ( 1 10.20 ) )
	5)	E 4 2 ( 0 1 )
	6)	E 19 2 ( 0 1.12 ( 0 ( 1 10.21 ) ) )
	7)	E 19 2 ( 0 ( 1 ( 1 0.11 1.26 ) ) )
	8)	E 13 1 ( 0 10.22 10.23 )
	9)	E 37 2 ( 0 ( 1 10.24 1.25 ) ( 1 ( 0 0.24 0.17 1.27 ) ) )
	10)	E 37 2 ( 0 ( 1 10.25 1.25 ) ( 1 ( 0 0.24 0.17 1.27 ) ) )
	11)	E 44 4 ( 0 ( 0 ( 3 10.26 ( 1.3 ( 1 0.15 ) ) ( 1.0 ( 2 0.15 ) ) ) ) )
	12)	E 11 1 ( @ ( 0 0.0 ) )
	13)	E 33 3 ( 0 ( 1 2 1.25 ) ( 1 ( 0 0.24 0.17 1.27 ) ) )
	14)	E 37 2 ( 0 ( 1 10.27 1.25 ) ( 1 ( 0 0.24 0.17 1.27 ) ) )
	15)	E 4 1 ( 0 0 )
	16)	E 33 3 ( 2 ( 1.12 ( 0 0.15 ) ) ( 1.23 ( 1 0.15 ) ) )
	17)	E 4 1 ( @ 0 )
	18)	E 37 2 ( 0 ( 1 10.28 1.25 ) ( 1 ( 0 0.24 0.17 1.27 ) ) )
	19)	E 37 2 ( 0 ( 1 10.29 1.25 ) ( 1 ( 0 0.24 0.17 1.27 ) ) )
	20)	E 18 2 ( 1 ( 1.22 ( 0 0.15 ) ) )
	21)	E 13 3 ( 0 1 ( 2 1.20 ) @ )
	22)	S 0.33 1 { 7.0 }
	23)	E 33 1 ( 0 ( 1.27 ( 0 2.6 10.30 10.13 0.15 ) ) )
	24)	E 3 1 ( 0 )
	25)	E 22 1 ( 4.3 ( 4.4 ( 0 0.13 ) ) )
	26)	E 7 2 ( @ ( 0 1 ) )
	27)	E 22 1 ( 4.5 ( 4.6 ( 0 0.13 ) ) )
	28)	E 22 1 ( 4.7 ( 4.8 ( 0 0.13 ) ) )
	29)	E 22 1 ( 4.9 ( 4.10 ( 0 0.13 ) ) )
	30)	E 11 2 ( 1 ( 0 0.12 ) )
	31)	E 24 2 ( 0 ( 1 0.1 1.25 ) ( 1 10.9 ) )
	32)	E 37 2 ( 0 ( 1 10.42 1.25 ) ( 1 ( 0 0.24 0.17 1.27 ) ) )
	33)	E 37 2 ( 0 ( 1 10.43 1.25 ) ( 1 ( 0 0.24 0.17 1.27 ) ) )
	34)	E 37 2 ( 0 ( 1 10.44 1.25 ) ( 1 ( 0 0.24 0.17 1.27 ) ) )
	35)	E 31 2 ( 0 ( 3.8 ( 1 0.3 ) 1.25 ) ( 1 10.9 ) )
	36)	E 37 2 ( 0 ( 1 10.45 1.25 ) ( 1 ( 0 0.24 0.17 1.27 ) ) )
	37)	E 37 2 ( 0 ( 1 10.46 1.25 ) ( 1 ( 0 0.24 0.17 1.27 ) ) )
	38)	E 37 2 ( 0 ( 1 10.47 1.25 ) ( 1 ( 0 0.24 0.17 1.27 ) ) )
	39)	E 37 2 ( 0 ( 1 10.48 1.25 ) ( 1 ( 0 0.24 0.17 1.27 ) ) )
	40)	E 37 2 ( 0 ( 1 10.49 1.25 ) ( 1 ( 0 0.24 0.17 1.27 ) ) )
	41)	E 37 2 ( 0 ( 1 10.50 1.25 ) ( 1 ( 0 0.24 0.17 1.27 ) ) )
	42)	E 15 1 ( 3.0 ( 0 0.12 ) )
	43)	E 15 1 ( 3.8 ( 0 0.12 ) )
	44)	E 15 1 ( 3.1 ( 0 0.12 ) )
	45)	E 15 1 ( 3.3 ( 0 0.12 ) )
	46)	E 15 1 ( 3.4 ( 0 0.12 ) )
	47)	E 15 1 ( 3.5 ( 0 0.12 ) )
	48)	E 15 1 ( 3.6 ( 0 0.12 ) )
	49)	E 15 1 ( 3.7 ( 0 0.12 ) )
	50)	E 15 1 ( 3.9 ( 0 0.12 ) )
}

11)	lookup_table 3 {
	0)	125 2 {
		0.0	?
		1.0	FALSE
		2.0	GUI
		0.1	GUI_ECT
		0.2	GUI_cls
		0.3	GUI_conway
		0.4	GUI_copy
		0.5	GUI_draw_bool
		0.6	GUI_draw_color
		0.7	GUI_draw_outline
		0.8	GUI_draw_silhouette
		0.9	GUI_embed_center
		0.10	GUI_flex
		0.11	GUI_get_color
		0.12	GUI_pen_color
		0.13	GUI_pen_move
		0.14	GUI_poit
		1.1	Hercules
		1.2	Kronos
		2.1	SDL_Surface
		1.3	TRUE
		1.4	Zeus
		0.15	^
		1.5	a
		10.0	a2
		10.1	a3
		10.2	a4
		10.3	a5
		0.16	add
		10.4	append
		10.5	application
		10.6	apply_to_all
		2.2	array
		0.15	associate
		2.3	associative_array
		10.7	autopilot
		1.6	b
		1.7	baz
		2.4	bitmap
		3.0	black
		3.1	blue
		1.8	c
		2.5	char
		0.17	char_print
		2.6	color
		10.8	color_action
		4.0	cols
		2.7	cpp_primitive
		2.8	cstring
		1.9	d
		2.9	data_type
		11.1	data_types
		11.0	dictionary
		0.18	display
		10.9	donothing
		2.10	double
		0.19	double_add
		0.20	double_divide
		0.21	double_multiply
		0.22	double_subtract
		10.10	down
		1.10	e
		0.23	export
		2.11	expression
		1.11	father
		1.12	first
		1.13	foo
		0.24	get_next_keydown
		3.2	gray
		3.3	green
		9.0	gui
		10.11	if_then
		0.25	import
		2.12	int
		0.26	int_add
		0.27	int_divide
		0.28	int_mod
		0.29	int_multiply
		0.30	int_subtract
		0.31	int_to_char
		10.12	is_double
		10.13	key_action
		2.13	key_map
		7.0	keymap
		10.14	left
		1.14	list1
		1.15	list2
		0.32	lookup
		2.14	lookup_table
		0.33	map_char
		1.16	mogo
		0.34	new_GUI
		0.35	new_SDL_Surface
		0.36	new_color
		0.37	new_key_map
		1.17	next
		1.18	next1
		1.19	next2
		1.20	nextfunc
		1.21	og
		10.15	omega
		3.4	orange
		10.16	pair
		1.22	prev
		11.2	primitives
		0.38	println
		10.17	quux
		3.5	red
		0.39	remove
		10.18	right
		4.1	rows
		4.2	scale
		5.0	screen
		1.23	second
		3.6	sky
		0.40	system
		2.15	ternary_associative_array
		1.24	tony
		1.25	toss
		10.19	up
		3.7	violet
		1.26	weird
		1.27	whereto
		3.8	white
		3.9	yellow
	}
	1)	16 2 {
		2.0	GUI
		2.1	SDL_Surface
		2.2	array
		2.3	associative_array
		2.4	bitmap
		2.5	char
		2.6	color
		2.7	cpp_primitive
		2.8	cstring
		2.9	data_type
		2.10	double
		2.11	expression
		2.12	int
		2.13	key_map
		2.14	lookup_table
		2.15	ternary_associative_array
	}
	2)	41 2 {
		0.0	?
		0.1	GUI_ECT
		0.2	GUI_cls
		0.3	GUI_conway
		0.4	GUI_copy
		0.5	GUI_draw_bool
		0.6	GUI_draw_color
		0.7	GUI_draw_outline
		0.8	GUI_draw_silhouette
		0.9	GUI_embed_center
		0.10	GUI_flex
		0.11	GUI_get_color
		0.12	GUI_pen_color
		0.13	GUI_pen_move
		0.14	GUI_poit
		0.16	add
		0.15	associate
		0.17	char_print
		0.18	display
		0.19	double_add
		0.20	double_divide
		0.21	double_multiply
		0.22	double_subtract
		0.23	export
		0.24	get_next_keydown
		0.25	import
		0.26	int_add
		0.27	int_divide
		0.28	int_mod
		0.29	int_multiply
		0.30	int_subtract
		0.31	int_to_char
		0.32	lookup
		0.33	map_char
		0.34	new_GUI
		0.35	new_SDL_Surface
		0.36	new_color
		0.37	new_key_map
		0.38	println
		0.39	remove
		0.40	system
	}
}

A) 3 2 50 {
		6.97	1.27	10.7
		1.21	1.16	1.24
		6.121	2.6	3.9
		6.32	1.27	10.31
		6.98	1.27	10.34
		1.6	1.17	1.8
		1.8	1.18	1.5
		6.99	1.27	10.35
		6.114	1.27	10.38
		10.12	2.12	1.0
		6.115	1.27	10.39
		1.8	1.17	1.5
		6.48	1.27	10.32
		6.111	2.6	3.4
		1.14	1.20	1.18
		6.57	2.6	3.8
		1.4	1.11	1.2
		1.5	1.18	1.6
		1.15	1.12	1.9
		6.98	2.6	3.1
		6.103	1.27	10.36
		6.118	1.27	10.40
		1.5	1.17	1.6
		6.145	1.27	10.19
		6.114	2.6	3.5
		1.1	1.11	1.4
		10.12	2.10	1.3
		6.146	1.27	10.10
		6.115	2.6	3.6
		6.48	2.6	3.0
		6.147	1.27	10.18
		3.8	1.26	10.10
		6.106	1.27	10.9
		3.0	1.26	10.19
		6.121	1.27	10.41
		6.148	1.27	10.14
		3.5	1.26	10.18
		6.107	1.27	10.9
		3.1	1.26	10.14
		1.15	1.20	1.19
		1.9	1.19	1.5
		6.103	2.6	3.3
		6.118	2.6	3.7
		6.108	1.27	10.9
		1.5	1.19	1.10
		6.111	1.27	10.37
		10.17	1.13	1.7
		1.14	1.12	1.5
		1.6	1.18	1.8
		6.57	1.27	10.33
	}
