root: 0.0

0)	cstring 29 {
	0)	root
	1)	all
	2)	next
	3)	name
	4)	value
	5)	nix
	6)	name
	7)	extract
	8)	next
	9)	value
	10)	nix
	11)	node
	12)	list
	13)	node
	14)	modify
	15)	list
	16)	modify
	17)	replace
	18)	type
	19)	replace
	20)	type
	21)	new
	22)	register
	23)	push
	24)	last
	25)	enqueue
	26)	append
	27)	apply_to_all
	28)	apply_to_all
}

1)	cpp_primitive 3 {
	0)	add
	1)	int_to_char
	2)	associate
}

2)	char 16 {
	0)	0
	1)	0
	2)	0
	3)	0
	4)	0
	5)	0
	6)	0
	7)	0
	8)	0
	9)	0
	10)	0
	11)	0
	12)	0
	13)	0
	14)	0
	15)	0
}

3)	int 2 {
	0)	0
	1)	0
}

4)	expression 19 {
	0)	E 22 1 ( 0.1 ( ( 0 4.1 ) 4.2 ) )
	1)	E 19 2 ( 0 ( 0 0.3 ( 1 1.0 ) ) )
	2)	E 23 2 ( 0 ( 0 0.4 1 0.5 ) 0.2 @ )
	3)	E 20 1 ( 3.0 ( 0 0.5 ) 1.1 )
	4)	E 23 1 ( 4.3 ( 0 ( 0 4.8 1.2 ) ) )
	5)	E 40 1 ( 3.1 ( 0 0.5 ) 1.1 4.9 ( 0.4 ( 0 1.2 ) ) )
	6)	E 13 1 ( 0 4.10 4.11 )
	7)	E 16 2 ( 0 ( 1 4.5 4.12 ) )
	8)	E 18 2 ( 0 ( 0.18 ( 1 1.2 ) ) )
	9)	E 8 1 ( 0 4.14 )
	10)	E 8 1 ( 0 4.15 )
	11)	E 18 1 ( 0 ( 0.24 ( 0 1.2 ) ) )
	12)	E 46 2 ( 0 ( 1 ( 0.2 ( 0 0.2 1.2 ) ) 0.5 ) ( 0.2 ( 1 1.2 ) ) )
	13)	E 16 2 ( 0 ( 1 4.5 4.17 ) )
	14)	S 1.2 2 { 0.18 0.11 }
	15)	S 1.2 2 { 0.18 0.12 }
	16)	E 23 2 ( 0 ( 0.2 ( 1 4.5 1.2 ) ) )
	17)	E 46 2 ( 0 ( 0 0.24 ( 0.2 ( 1 1.2 ) ) 0.5 ) ( 0.24 ( 1 1.2 ) ) )
	18)	E 30 2 ( 0 ( 0.4 ( 0 0.4 1 1.2 ) ) 0.2 @ )
}

A) 3 2 73 {
		4.13	0.3	0.25
		4.3	0.3	0.21
		2.2	0.18	0.11
		2.3	0.2	2.4
		2.3	0.4	0.17
		2.6	0.18	0.11
		2.7	0.2	2.8
		2.7	0.4	0.4
		0.27	0.17	4.18
		0.27	0.3	0.28
		2.11	0.2	2.12
		0.27	0.14	4.2
		2.0	0.2	2.1
		2.10	0.18	0.11
		2.11	0.4	4.7
		2.0	0.4	0.11
		2.13	0.18	0.11
		0.0	0.0	4.0
		0.1	0.2	2.0
		2.14	0.2	2.15
		4.3	0.11	4.5
		2.14	0.4	0.27
		2.3	0.18	0.11
		2.4	0.2	2.5
		2.8	0.2	2.9
		2.4	0.4	0.18
		2.8	0.4	0.5
		2.7	0.18	0.11
		2.11	0.18	0.11
		2.0	0.18	0.11
		0.1	0.18	0.12
		2.14	0.18	0.11
		0.12	0.3	0.15
		0.5	0.3	0.10
		4.7	0.3	0.23
		2.15	0.4	4.0
		2.1	0.2	2.2
		0.17	0.3	0.19
		0.3	0.3	0.6
		2.1	0.4	0.12
		0.14	0.3	0.16
		2.4	0.18	0.11
		2.8	0.18	0.11
		4.4	0.3	0.22
		0.2	0.0	0.4
		2.5	0.2	2.6
		2.5	0.4	0.2
		4.16	0.3	0.26
		2.12	0.2	2.13
		2.12	0.4	4.13
		2.9	0.2	2.10
		2.9	0.4	4.3
		2.15	0.18	0.11
		0.2	0.3	0.8
		0.4	0.3	0.9
		2.1	0.18	0.11
		0.11	0.3	0.13
		2.2	0.2	2.3
		2.2	0.4	0.14
		2.5	0.18	0.11
		4.0	0.0	0.2
		0.1	0.24	2.15
		2.6	0.2	2.7
		2.12	0.18	0.11
		2.6	0.4	0.3
		2.9	0.18	0.11
		2.10	0.2	2.11
		2.10	0.4	4.4
		4.3	0.12	4.6
		0.18	0.3	0.20
		2.13	0.2	2.14
		4.0	0.3	0.7
		2.13	0.4	4.16
	}
