root: 11.0

0)	cpp_primitive 50 {
	0)	?
	1)	GUI_ECT
	2)	GUI_cls
	3)	GUI_conway
	4)	GUI_copy
	5)	GUI_draw_bool
	6)	GUI_draw_color
	7)	GUI_draw_outline
	8)	GUI_draw_silhouette
	9)	GUI_embed_center
	10)	GUI_flex
	11)	GUI_get_color
	12)	GUI_pen_color
	13)	GUI_pen_move
	14)	GUI_poit
	15)	SDL_BlitSurface
	16)	SDL_Flip
	17)	associate
	18)	add
	19)	char_print
	20)	display
	21)	double_add
	22)	double_divide
	23)	double_multiply
	24)	double_subtract
	25)	export
	26)	get_next_keydown
	27)	import
	28)	int_add
	29)	int_divide
	30)	int_mod
	31)	int_multiply
	32)	int_subtract
	33)	int_to_char
	34)	lookup
	35)	map_char
	36)	new_GUI
	37)	new_SDL_Rect
	38)	new_SDL_Surface
	39)	new_color
	40)	new_cstring
	41)	new_key_map
	42)	printchar
	43)	println
	44)	printstr
	45)	remove
	46)	scratch
	47)	strcat
	48)	strcpy
	49)	system
}

1)	data_type 17 {
	0)	GUI
	1)	SDL_Rect
	2)	SDL_Surface
	3)	array
	4)	associative_array
	5)	bitmap
	6)	char
	7)	color
	8)	cpp_primitive
	9)	cstring
	10)	data_type
	11)	double
	12)	expression
	13)	int
	14)	key_map
	15)	lookup_table
	16)	ternary_associative_array
}

2)	cstring 7 {
	0)	Try\20'GUI\20next'\20for\20a\20list\20of\20data\20types.
	1)	foo
	2)	next
	3)	prev
	4)	toss
	5)	weird
	6)	whereto
}

3)	color 9 {
	0)	000000
	1)	0000FF
	2)	FF0000
	3)	7F7F7F
	4)	00FF00
	5)	FF7F00
	6)	7F00FF
	7)	FFFFFF
	8)	FFFF00
}

4)	int 11 {
	0)	16
	1)	16
	2)	10
	3)	1
	4)	0
	5)	0
	6)	-1
	7)	0
	8)	1
	9)	-1
	10)	0
}

5)	SDL_Surface 1 {
	0)	160 160
}

6)	char 256 {
	0)	0
	1)	1
	2)	2
	3)	3
	4)	4
	5)	5
	6)	6
	7)	7
	8)	8
	9)	9
	10)	10
	11)	11
	12)	12
	13)	13
	14)	14
	15)	15
	16)	16
	17)	17
	18)	18
	19)	19
	20)	20
	21)	21
	22)	22
	23)	23
	24)	24
	25)	25
	26)	26
	27)	27
	28)	28
	29)	29
	30)	30
	31)	31
	32)	32
	33)	33
	34)	34
	35)	35
	36)	36
	37)	37
	38)	38
	39)	39
	40)	40
	41)	41
	42)	42
	43)	43
	44)	44
	45)	45
	46)	46
	47)	47
	48)	48
	49)	49
	50)	50
	51)	51
	52)	52
	53)	53
	54)	54
	55)	55
	56)	56
	57)	57
	58)	58
	59)	59
	60)	60
	61)	61
	62)	62
	63)	63
	64)	64
	65)	65
	66)	66
	67)	67
	68)	68
	69)	69
	70)	70
	71)	71
	72)	72
	73)	73
	74)	74
	75)	75
	76)	76
	77)	77
	78)	78
	79)	79
	80)	80
	81)	81
	82)	82
	83)	83
	84)	84
	85)	85
	86)	86
	87)	87
	88)	88
	89)	89
	90)	90
	91)	91
	92)	92
	93)	93
	94)	94
	95)	95
	96)	96
	97)	97
	98)	98
	99)	99
	100)	100
	101)	101
	102)	102
	103)	103
	104)	104
	105)	105
	106)	106
	107)	107
	108)	108
	109)	109
	110)	110
	111)	111
	112)	112
	113)	113
	114)	114
	115)	115
	116)	116
	117)	117
	118)	118
	119)	119
	120)	120
	121)	121
	122)	122
	123)	123
	124)	124
	125)	125
	126)	126
	127)	127
	128)	-128
	129)	-127
	130)	-126
	131)	-125
	132)	-124
	133)	-123
	134)	-122
	135)	-121
	136)	-120
	137)	-119
	138)	-118
	139)	-117
	140)	-116
	141)	-115
	142)	-114
	143)	-113
	144)	-112
	145)	-111
	146)	-110
	147)	-109
	148)	-108
	149)	-107
	150)	-106
	151)	-105
	152)	-104
	153)	-103
	154)	-102
	155)	-101
	156)	-100
	157)	-99
	158)	-98
	159)	-97
	160)	-96
	161)	-95
	162)	-94
	163)	-93
	164)	-92
	165)	-91
	166)	-90
	167)	-89
	168)	-88
	169)	-87
	170)	-86
	171)	-85
	172)	-84
	173)	-83
	174)	-82
	175)	-81
	176)	-80
	177)	-79
	178)	-78
	179)	-77
	180)	-76
	181)	-75
	182)	-74
	183)	-73
	184)	-72
	185)	-71
	186)	-70
	187)	-69
	188)	-68
	189)	-67
	190)	-66
	191)	-65
	192)	-64
	193)	-63
	194)	-62
	195)	-61
	196)	-60
	197)	-59
	198)	-58
	199)	-57
	200)	-56
	201)	-55
	202)	-54
	203)	-53
	204)	-52
	205)	-51
	206)	-50
	207)	-49
	208)	-48
	209)	-47
	210)	-46
	211)	-45
	212)	-44
	213)	-43
	214)	-42
	215)	-41
	216)	-40
	217)	-39
	218)	-38
	219)	-37
	220)	-36
	221)	-35
	222)	-34
	223)	-33
	224)	-32
	225)	-31
	226)	-30
	227)	-29
	228)	-28
	229)	-27
	230)	-26
	231)	-25
	232)	-24
	233)	-23
	234)	-22
	235)	-21
	236)	-20
	237)	-19
	238)	-18
	239)	-17
	240)	-16
	241)	-15
	242)	-14
	243)	-13
	244)	-12
	245)	-11
	246)	-10
	247)	-9
	248)	-8
	249)	-7
	250)	-6
	251)	-5
	252)	-4
	253)	-3
	254)	-2
	255)	-1
}

7)	key_map 1 {
	0)	256 { 0 1 2 3 4 5 6 7 8 9 10 11 12 13 14 15 16 17 18 19 20 21 22 23 24 25 26 27 28 29 30 31 32 33 34 35 36 37 38 39 40 41 42 43 44 45 46 47 48 49 50 51 52 53 54 55 56 57 58 59 60 61 62 63 64 65 66 67 68 69 70 71 72 73 74 75 76 77 78 79 80 81 82 83 84 85 86 87 88 89 90 91 92 93 94 95 96 97 98 99 100 101 102 103 104 105 106 107 108 109 110 111 112 113 114 115 116 117 118 119 120 121 122 123 124 125 126 127 128 129 130 131 132 133 134 135 136 137 138 139 140 141 142 143 144 145 146 147 148 149 150 151 152 153 154 155 156 157 158 159 160 161 162 163 164 165 166 167 168 169 170 171 172 173 174 175 176 177 178 179 180 181 182 183 184 185 186 187 188 189 190 191 192 193 194 195 196 197 198 199 200 201 202 203 204 205 206 207 208 209 210 211 212 213 214 215 216 217 218 219 220 221 222 223 224 225 226 227 228 229 230 231 232 233 234 235 236 237 238 239 240 241 242 243 244 245 246 247 248 249 250 251 252 253 254 255 }
}

8)	bitmap 1 {
	0)	16 16 3.7 {
		2	7	7	7	7	7	7	7	7	7	7	7	7	7	7	7
		7	7	0	0	0	0	7	7	7	7	7	7	7	7	7	7
		7	7	0	7	2	0	7	7	7	7	7	7	7	7	7	7
		7	7	0	2	7	0	7	7	7	7	7	7	7	7	7	7
		7	7	0	0	0	0	7	7	7	7	7	7	7	7	7	7
		7	7	7	7	7	7	7	7	7	7	7	7	7	7	7	7
		7	7	7	7	7	7	7	7	7	7	7	7	7	7	7	7
		7	7	7	7	7	7	7	7	7	7	7	7	7	7	7	7
		7	7	7	7	7	7	7	7	7	7	7	7	7	7	7	7
		7	7	7	7	7	7	7	7	7	7	7	7	7	7	7	7
		7	7	7	7	7	7	7	7	7	7	7	7	7	7	7	7
		7	7	7	7	7	7	7	7	7	7	7	7	7	7	7	7
		7	7	7	7	7	7	7	7	7	7	7	7	7	7	7	7
		7	7	7	7	7	7	7	7	7	7	7	7	7	7	7	7
		7	7	7	7	7	7	7	7	7	7	7	7	7	7	7	7
		7	7	7	7	7	7	7	7	7	7	7	7	7	7	7	7
	}
}

9)	GUI 1 {
	0)	5.0	8.0	10
}

10)	expression 43 {
	0)	E 14 1 ( 0 ( @ ( 0 0.0 ) ) )
	1)	E 4 2 ( 0 1 )
	2)	E 5 2 ( 0 1 1 )
	3)	E 6 2 ( 0 1 1 1 )
	4)	E 7 2 ( 0 1 1 1 1 )
	5)	E 8 2 ( 0 1 1 1 1 1 )
	6)	E 38 2 ( 1 ( 2.2 ( 0 0.17 ) ) 2.2 ( 2.3 ( 1 0.17 ) ) )
	7)	E 19 2 ( 0 ( 1 ( 1 0.11 2.5 ) ) )
	8)	E 13 1 ( 0 10.16 10.17 )
	9)	E 37 2 ( 0 ( 1 10.18 2.4 ) ( 1 ( 0 0.26 0.19 2.6 ) ) )
	10)	E 37 2 ( 0 ( 1 10.19 2.4 ) ( 1 ( 0 0.26 0.19 2.6 ) ) )
	11)	E 8 1 ( 0 10.20 )
	12)	E 33 3 ( 0 ( 1 2 2.4 ) ( 1 ( 0 0.26 0.19 2.6 ) ) )
	13)	E 37 2 ( 0 ( 1 10.21 2.4 ) ( 1 ( 0 0.26 0.19 2.6 ) ) )
	14)	E 37 2 ( 0 ( 1 10.22 2.4 ) ( 1 ( 0 0.26 0.19 2.6 ) ) )
	15)	E 37 2 ( 0 ( 1 10.23 2.4 ) ( 1 ( 0 0.26 0.19 2.6 ) ) )
	16)	S 0.35 1 { 7.0 }
	17)	E 33 1 ( 0 ( 2.6 ( 0 1.7 10.24 10.12 0.17 ) ) )
	18)	E 3 1 ( 0 )
	19)	E 22 1 ( 4.3 ( 4.4 ( 0 0.13 ) ) )
	20)	S 0.45 1 { 11.0 }
	21)	E 22 1 ( 4.5 ( 4.6 ( 0 0.13 ) ) )
	22)	E 22 1 ( 4.7 ( 4.8 ( 0 0.13 ) ) )
	23)	E 22 1 ( 4.9 ( 4.10 ( 0 0.13 ) ) )
	24)	E 11 2 ( 1 ( 0 0.12 ) )
	25)	E 24 2 ( 0 ( 1 0.1 2.4 ) ( 1 10.9 ) )
	26)	E 37 2 ( 0 ( 1 10.35 2.4 ) ( 1 ( 0 0.26 0.19 2.6 ) ) )
	27)	E 37 2 ( 0 ( 1 10.36 2.4 ) ( 1 ( 0 0.26 0.19 2.6 ) ) )
	28)	E 37 2 ( 0 ( 1 10.37 2.4 ) ( 1 ( 0 0.26 0.19 2.6 ) ) )
	29)	E 31 2 ( 0 ( 3.7 ( 1 0.3 ) 2.4 ) ( 1 10.9 ) )
	30)	E 37 2 ( 0 ( 1 10.38 2.4 ) ( 1 ( 0 0.26 0.19 2.6 ) ) )
	31)	E 37 2 ( 0 ( 1 10.39 2.4 ) ( 1 ( 0 0.26 0.19 2.6 ) ) )
	32)	E 37 2 ( 0 ( 1 10.40 2.4 ) ( 1 ( 0 0.26 0.19 2.6 ) ) )
	33)	E 37 2 ( 0 ( 1 10.41 2.4 ) ( 1 ( 0 0.26 0.19 2.6 ) ) )
	34)	E 37 2 ( 0 ( 1 10.42 2.4 ) ( 1 ( 0 0.26 0.19 2.6 ) ) )
	35)	E 15 1 ( 3.0 ( 0 0.12 ) )
	36)	E 15 1 ( 3.7 ( 0 0.12 ) )
	37)	E 15 1 ( 3.1 ( 0 0.12 ) )
	38)	E 15 1 ( 3.4 ( 0 0.12 ) )
	39)	E 15 1 ( 3.5 ( 0 0.12 ) )
	40)	E 15 1 ( 3.2 ( 0 0.12 ) )
	41)	E 15 1 ( 3.6 ( 0 0.12 ) )
	42)	E 15 1 ( 3.8 ( 0 0.12 ) )
}

11)	lookup_table 3 {
	0)	110 2 {
		10.0	*
		0.0	?
		1.0	GUI
		0.1	GUI_ECT
		0.2	GUI_cls
		0.3	GUI_conway
		0.4	GUI_copy
		0.5	GUI_draw_bool
		0.6	GUI_draw_color
		0.7	GUI_draw_outline
		0.8	GUI_draw_silhouette
		0.9	GUI_embed_center
		0.10	GUI_flex
		0.11	GUI_get_color
		0.12	GUI_pen_color
		0.13	GUI_pen_move
		0.14	GUI_poit
		2.0	README
		0.15	SDL_BlitSurface
		0.16	SDL_Flip
		1.1	SDL_Rect
		1.2	SDL_Surface
		0.17	^
		10.1	a1
		10.2	a2
		10.3	a3
		10.4	a4
		10.5	a5
		0.18	add
		10.6	append
		1.3	array
		0.17	associate
		1.4	associative_array
		10.7	autopilot
		1.5	bitmap
		3.0	black
		3.1	blue
		1.6	char
		0.19	char_print
		1.7	color
		10.8	color_action
		3.2	colors
		4.0	cols
		1.8	cpp_primitive
		1.9	cstring
		1.10	data_type
		11.1	data_types
		11.0	dictionary
		0.20	display
		10.9	donothing
		1.11	double
		0.21	double_add
		0.22	double_divide
		0.23	double_multiply
		0.24	double_subtract
		10.10	down
		0.25	export
		1.12	expression
		2.1	foo
		10.11	forget
		0.26	get_next_keydown
		3.3	gray
		3.4	green
		9.0	gui
		0.27	import
		1.13	int
		0.28	int_add
		0.29	int_divide
		0.30	int_mod
		0.31	int_multiply
		0.32	int_subtract
		0.33	int_to_char
		10.12	key_action
		1.14	key_map
		7.0	keymap
		10.13	left
		0.34	lookup
		1.15	lookup_table
		0.35	map_char
		0.36	new_GUI
		0.37	new_SDL_Rect
		0.38	new_SDL_Surface
		0.39	new_color
		0.40	new_cstring
		0.41	new_key_map
		2.2	next
		3.5	orange
		2.3	prev
		11.2	primitives
		0.42	printchar
		0.43	println
		0.44	printstr
		3.2	red
		0.45	remove
		10.14	right
		4.1	rows
		4.2	scale
		0.46	scratch
		5.0	screen
		0.47	strcat
		0.48	strcpy
		0.49	system
		1.16	ternary_associative_array
		2.4	toss
		10.15	up
		3.6	violet
		2.5	weird
		2.6	whereto
		3.7	white
		3.8	yellow
	}
	1)	17 2 {
		1.0	GUI
		1.1	SDL_Rect
		1.2	SDL_Surface
		1.3	array
		1.4	associative_array
		1.5	bitmap
		1.6	char
		1.7	color
		1.8	cpp_primitive
		1.9	cstring
		1.10	data_type
		1.11	double
		1.12	expression
		1.13	int
		1.14	key_map
		1.15	lookup_table
		1.16	ternary_associative_array
	}
	2)	50 2 {
		0.0	?
		0.1	GUI_ECT
		0.2	GUI_cls
		0.3	GUI_conway
		0.4	GUI_copy
		0.5	GUI_draw_bool
		0.6	GUI_draw_color
		0.7	GUI_draw_outline
		0.8	GUI_draw_silhouette
		0.9	GUI_embed_center
		0.10	GUI_flex
		0.11	GUI_get_color
		0.12	GUI_pen_color
		0.13	GUI_pen_move
		0.14	GUI_poit
		0.15	SDL_BlitSurface
		0.16	SDL_Flip
		0.18	add
		0.17	associate
		0.19	char_print
		0.20	display
		0.21	double_add
		0.22	double_divide
		0.23	double_multiply
		0.24	double_subtract
		0.25	export
		0.26	get_next_keydown
		0.27	import
		0.28	int_add
		0.29	int_divide
		0.30	int_mod
		0.31	int_multiply
		0.32	int_subtract
		0.33	int_to_char
		0.34	lookup
		0.35	map_char
		0.36	new_GUI
		0.37	new_SDL_Rect
		0.38	new_SDL_Surface
		0.39	new_color
		0.40	new_cstring
		0.41	new_key_map
		0.42	printchar
		0.43	println
		0.44	printstr
		0.45	remove
		0.46	scratch
		0.47	strcat
		0.48	strcpy
		0.49	system
	}
}

A) 3 2 80 {
		6.32	2.6	10.25
		1.10	2.2	1.11
		1.7	2.2	1.8
		6.103	2.6	10.30
		1.10	2.3	1.9
		1.7	2.3	1.6
		3.2	2.2	3.5
		1.8	2.2	1.9
		6.106	2.6	10.9
		3.0	2.3	3.3
		1.8	2.3	1.7
		1.1	2.2	1.2
		6.107	2.6	10.9
		1.1	2.3	1.0
		6.108	2.6	10.9
		6.111	1.7	3.5
		1.0	2.2	1.1
		3.1	2.5	10.13
		6.111	2.6	10.31
		1.9	2.2	1.10
		1.2	2.2	1.3
		6.114	1.7	3.2
		1.9	2.3	1.8
		1.2	2.3	1.1
		1.3	2.2	1.4
		1.16	2.3	1.15
		6.114	2.6	10.32
		1.3	2.3	1.2
		3.7	2.5	10.10
		3.1	2.2	3.6
		3.5	2.2	3.8
		6.48	1.7	3.0
		3.1	2.3	3.4
		3.5	2.3	3.2
		6.118	1.7	3.6
		1.6	2.2	1.7
		1.14	2.2	1.15
		1.6	2.3	1.5
		1.14	2.3	1.13
		1.4	2.2	1.5
		10.0	1.13	0.31
		6.48	2.6	10.26
		6.118	2.6	10.33
		6.145	2.6	10.15
		6.121	1.7	3.8
		1.4	2.3	1.3
		3.7	2.2	3.3
		3.3	2.2	3.0
		6.146	2.6	10.10
		3.7	2.3	3.6
		3.3	2.3	3.7
		6.147	2.6	10.14
		1.13	2.2	1.14
		1.5	2.2	1.6
		6.121	2.6	10.34
		6.148	2.6	10.13
		1.13	2.3	1.12
		1.5	2.3	1.4
		10.0	1.11	0.23
		6.98	1.7	3.1
		1.12	2.2	1.13
		6.97	2.6	10.7
		1.12	2.3	1.11
		6.57	1.7	3.7
		1.11	2.2	1.12
		6.98	2.6	10.28
		1.11	2.3	1.10
		6.99	2.6	10.29
		6.57	2.6	10.27
		6.103	1.7	3.4
		1.15	2.2	1.16
		3.0	2.5	10.15
		3.2	2.5	10.14
		3.4	2.2	3.1
		3.6	2.2	3.7
		3.8	2.2	3.4
		1.15	2.3	1.14
		3.4	2.3	3.8
		3.8	2.3	3.5
		3.6	2.3	3.1
	}
