root: 12.0

0)	cpp_primitive 51 {
	0)	?
	1)	GUI_ECT
	2)	GUI_cls
	3)	GUI_conway
	4)	GUI_copy
	5)	GUI_draw_bool
	6)	GUI_draw_color
	7)	GUI_draw_outline
	8)	GUI_draw_silhouette
	9)	GUI_embed_center
	10)	GUI_flex
	11)	GUI_get_color
	12)	GUI_pen_color
	13)	GUI_pen_move
	14)	GUI_poit
	15)	IMG_Load
	16)	SDL_BlitSurface
	17)	SDL_Flip
	18)	associate
	19)	add
	20)	char_print
	21)	display
	22)	double_add
	23)	double_divide
	24)	double_multiply
	25)	double_subtract
	26)	export
	27)	get_next_keydown
	28)	import
	29)	int_add
	30)	int_divide
	31)	int_mod
	32)	int_multiply
	33)	int_subtract
	34)	int_to_char
	35)	lookup
	36)	map_char
	37)	new_GUI
	38)	new_SDL_Rect
	39)	new_SDL_Surface
	40)	new_color
	41)	new_cstring
	42)	new_key_map
	43)	printchar
	44)	println
	45)	printstr
	46)	remove
	47)	strcat
	48)	strcpy
	49)	system
	50)	scratch
}

1)	cstring 72 {
	0)	A
	1)	FALSE
	2)	Hercules
	3)	Kronos
	4)	PYE
	5)	SAL
	6)	TRUE
	7)	Zeus
	8)	a
	9)	a6
	10)	accessors
	11)	all
	12)	all_in_line
	13)	b
	14)	bar
	15)	baz
	16)	bitmaps
	17)	bmp
	18)	c
	19)	colors
	20)	d
	21)	description
	22)	e
	23)	father
	24)	first
	25)	foo
	26)	go
	27)	head
	28)	intmap
	29)	list
	30)	list1
	31)	list2
	32)	mogo
	33)	newlist
	34)	next
	35)	next1
	36)	next2
	37)	nextfunc
	38)	notes
	39)	og
	40)	pre
	41)	prev
	42)	prinstr
	43)	procedures
	44)	second
	45)	foobar
	46)	tony
	47)	toss
	48)	type
	49)	types
	50)	vocabulary
	51)	weird
	52)	went
	53)	whereto
	54)	A\20first\20self-descriptive\20data\20set.
	55)	A\20collection\20of\20all\20secondary\20keys\20in\20this\20data\20set.
	56)	A\20collection\20of\20SNPL_bitmaps.
	57)	red
	58)	[!]\20try\20'colors\20showcolors'
	59)	miscellaneous\20notes
	60)	ed
	61)	An\20experimental\20vocabulary\20list.
	62)	blit
	63)	orange
	64)	non-normative
	65)	yellow
	66)	green
	67)	blue
	68)	violet
	69)	white
	70)	gray
	71)	black
}

2)	data_type 17 {
	0)	GUI
	1)	SDL_Rect
	2)	SDL_Surface
	3)	array
	4)	associative_array
	5)	bitmap
	6)	char
	7)	color
	8)	cpp_primitive
	9)	cstring
	10)	data_type
	11)	double
	12)	expression
	13)	int
	14)	key_map
	15)	lookup_table
	16)	ternary_associative_array
}

3)	SDL_Surface 1 {
	0)	160 160
}

4)	color 15 {
	0)	000000
	1)	0000FF
	2)	7F7F7F
	3)	00FF00
	4)	FF7F00
	5)	FF0000
	6)	E8F4FF
	7)	7F00FF
	8)	FFFFFF
	9)	FFFF00
	10)	FFFFFF
	11)	000000
	12)	FFFFFF
	13)	FF0000
	14)	0000FF
}

5)	int 13 {
	0)	16
	1)	16
	2)	10
	3)	1
	4)	0
	5)	0
	6)	-1
	7)	0
	8)	1
	9)	-1
	10)	0
	11)	0
	12)	1
}

6)	char 256 {
	0)	10
	1)	32
	2)	0
	3)	1
	4)	2
	5)	3
	6)	4
	7)	5
	8)	6
	9)	7
	10)	8
	11)	9
	12)	11
	13)	12
	14)	13
	15)	14
	16)	15
	17)	16
	18)	17
	19)	18
	20)	19
	21)	20
	22)	21
	23)	22
	24)	23
	25)	24
	26)	25
	27)	26
	28)	27
	29)	28
	30)	29
	31)	30
	32)	31
	33)	33
	34)	34
	35)	35
	36)	36
	37)	37
	38)	38
	39)	39
	40)	40
	41)	41
	42)	42
	43)	43
	44)	44
	45)	45
	46)	46
	47)	47
	48)	48
	49)	49
	50)	50
	51)	51
	52)	52
	53)	53
	54)	54
	55)	55
	56)	56
	57)	57
	58)	58
	59)	59
	60)	60
	61)	61
	62)	62
	63)	63
	64)	64
	65)	65
	66)	66
	67)	67
	68)	68
	69)	69
	70)	70
	71)	71
	72)	72
	73)	73
	74)	74
	75)	75
	76)	76
	77)	77
	78)	78
	79)	79
	80)	80
	81)	81
	82)	82
	83)	83
	84)	84
	85)	85
	86)	86
	87)	87
	88)	88
	89)	89
	90)	90
	91)	91
	92)	92
	93)	93
	94)	94
	95)	95
	96)	96
	97)	97
	98)	98
	99)	99
	100)	100
	101)	101
	102)	102
	103)	103
	104)	104
	105)	105
	106)	106
	107)	107
	108)	108
	109)	109
	110)	110
	111)	111
	112)	112
	113)	113
	114)	114
	115)	115
	116)	116
	117)	117
	118)	118
	119)	119
	120)	120
	121)	121
	122)	122
	123)	123
	124)	124
	125)	125
	126)	126
	127)	127
	128)	-128
	129)	-127
	130)	-126
	131)	-125
	132)	-124
	133)	-123
	134)	-122
	135)	-121
	136)	-120
	137)	-119
	138)	-118
	139)	-117
	140)	-116
	141)	-115
	142)	-114
	143)	-113
	144)	-112
	145)	-111
	146)	-110
	147)	-109
	148)	-108
	149)	-107
	150)	-106
	151)	-105
	152)	-104
	153)	-103
	154)	-102
	155)	-101
	156)	-100
	157)	-99
	158)	-98
	159)	-97
	160)	-96
	161)	-95
	162)	-94
	163)	-93
	164)	-92
	165)	-91
	166)	-90
	167)	-89
	168)	-88
	169)	-87
	170)	-86
	171)	-85
	172)	-84
	173)	-83
	174)	-82
	175)	-81
	176)	-80
	177)	-79
	178)	-78
	179)	-77
	180)	-76
	181)	-75
	182)	-74
	183)	-73
	184)	-72
	185)	-71
	186)	-70
	187)	-69
	188)	-68
	189)	-67
	190)	-66
	191)	-65
	192)	-64
	193)	-63
	194)	-62
	195)	-61
	196)	-60
	197)	-59
	198)	-58
	199)	-57
	200)	-56
	201)	-55
	202)	-54
	203)	-53
	204)	-52
	205)	-51
	206)	-50
	207)	-49
	208)	-48
	209)	-47
	210)	-46
	211)	-45
	212)	-44
	213)	-43
	214)	-42
	215)	-41
	216)	-40
	217)	-39
	218)	-38
	219)	-37
	220)	-36
	221)	-35
	222)	-34
	223)	-33
	224)	-32
	225)	-31
	226)	-30
	227)	-29
	228)	-28
	229)	-27
	230)	-26
	231)	-25
	232)	-24
	233)	-23
	234)	-22
	235)	-21
	236)	-20
	237)	-19
	238)	-18
	239)	-17
	240)	-16
	241)	-15
	242)	-14
	243)	-13
	244)	-12
	245)	-11
	246)	-10
	247)	-9
	248)	-8
	249)	-7
	250)	-6
	251)	-5
	252)	-4
	253)	-3
	254)	-2
	255)	-1
}

7)	SDL_Rect 1 {
	0)	30 30 30 30
}

8)	key_map 1 {
	0)	256 { 2 3 4 5 6 7 8 9 10 11 0 12 13 14 15 16 17 18 19 20 21 22 23 24 25 26 27 28 29 30 31 32 1 33 34 35 36 37 38 39 40 41 42 43 44 45 46 47 48 49 50 51 52 53 54 55 56 57 58 59 60 61 62 63 64 65 66 67 68 69 70 71 72 73 74 75 76 77 78 79 80 81 82 83 84 85 86 87 88 89 90 91 92 93 94 95 96 97 98 99 100 101 102 103 104 105 106 107 108 109 110 111 112 113 114 115 116 117 118 119 120 121 122 123 124 125 126 127 128 129 130 131 132 133 134 135 136 137 138 139 140 141 142 143 144 145 146 147 148 149 150 151 152 153 154 155 156 157 158 159 160 161 162 163 164 165 166 167 168 169 170 171 172 173 174 175 176 177 178 179 180 181 182 183 184 185 186 187 188 189 190 191 192 193 194 195 196 197 198 199 200 201 202 203 204 205 206 207 208 209 210 211 212 213 214 215 216 217 218 219 220 221 222 223 224 225 226 227 228 229 230 231 232 233 234 235 236 237 238 239 240 241 242 243 244 245 246 247 248 249 250 251 252 253 254 255 }
}

9)	bitmap 6 {
	0)	5 5 4.10 {
		11	11	11	11	11
		10	10	11	10	10
		11	11	11	11	11
		10	10	11	10	10
		11	11	11	11	11
	}
	1)	8 9 4.12 {
		13	13	13	13	13	13	13	13	12
		13	13	13	13	12	13	13	13	13
		13	13	13	12	14	12	13	13	13
		13	13	13	13	12	14	12	13	13
		13	13	13	13	13	12	13	13	13
		13	13	13	13	13	13	13	13	13
		13	13	13	13	13	13	13	13	13
		13	13	13	13	13	13	13	13	13
	}
	2)	7 7 4.8 {
		9	8	0	0	0	8	9
		8	0	8	0	8	0	8
		0	8	1	8	1	8	0
		0	0	8	5	8	0	0
		0	8	1	8	1	8	0
		8	0	8	0	8	0	8
		9	8	0	0	0	8	9
	}
	3)	4 4 4.8 {
		9	9	8	1
		9	8	5	8
		8	5	8	9
		1	8	9	9
	}
	4)	16 16 4.8 {
		8	8	8	8	8	8	8	8	8	8	8	8	8	8	8	8
		8	8	8	8	8	8	8	8	8	8	8	8	8	8	8	8
		8	8	8	8	8	8	8	8	8	8	8	8	8	8	8	8
		8	8	8	8	8	8	8	8	8	8	8	8	8	8	8	8
		8	8	8	8	8	8	8	8	8	8	8	8	8	8	8	8
		8	8	8	8	8	11	11	11	11	11	8	8	8	8	8	8
		8	8	8	8	8	10	10	11	10	10	8	8	8	8	8	8
		8	8	8	8	8	11	11	11	11	11	8	8	8	8	8	8
		8	8	8	8	8	10	10	11	10	10	8	8	8	8	8	8
		8	8	8	8	8	11	11	11	11	11	8	8	8	8	8	8
		8	8	8	8	8	8	8	8	8	8	8	8	8	8	8	8
		8	8	8	8	8	8	8	8	8	8	8	8	8	8	8	8
		8	8	8	8	8	8	8	8	8	8	8	8	8	8	8	8
		8	8	8	8	8	8	8	8	8	8	8	8	8	8	8	8
		8	8	8	8	8	8	8	8	8	8	8	8	8	8	8	8
		8	8	8	8	8	8	8	8	8	8	8	8	8	8	8	8
	}
	5)	16 16 4.8 {
		2	0	9	3	1	7	8	2	0	5	4	9	3	1	7	8
		8	8	8	8	8	8	8	8	8	8	8	8	8	8	8	8
		8	8	8	8	8	8	8	8	8	8	8	8	8	8	8	8
		8	8	8	8	8	8	8	8	8	8	8	8	8	8	8	8
		8	8	8	8	8	8	8	8	8	8	8	8	8	8	8	8
		8	8	8	8	8	8	8	8	8	8	8	8	8	8	8	8
		8	8	8	8	8	8	8	8	8	8	8	8	8	8	8	8
		8	8	8	8	8	8	8	8	8	8	8	8	8	8	8	8
		8	8	8	8	8	8	8	8	8	8	8	8	8	8	8	8
		8	8	8	8	8	8	8	8	8	8	8	8	8	8	8	8
		8	8	8	8	8	8	8	8	8	8	8	8	8	8	8	8
		8	8	8	8	8	8	8	8	8	8	8	8	8	8	8	8
		8	8	8	8	8	8	8	8	8	8	8	8	8	8	8	8
		8	8	8	8	8	8	8	8	8	8	8	8	8	8	8	8
		8	8	8	8	8	8	8	8	8	8	8	8	8	8	8	8
		8	8	8	8	8	8	8	8	8	8	8	8	8	8	8	8
	}
}

10)	GUI 2 {
	0)	3.0	9.4	10
	1)	3.0	9.5	10
}

11)	expression 69 {
	0)	E 4 2 ( 0 1 )
	1)	E 5 2 ( 0 1 1 )
	2)	E 6 2 ( 0 1 1 1 )
	3)	E 7 2 ( 0 1 1 1 1 )
	4)	E 8 2 ( 0 1 1 1 1 1 )
	5)	E 63 2 ( 1 ( 1.24 ( 1 1.24 ( 1.41 ( 0 0.18 ) ) 1.41 ( 1.34 ( 1 1.24 0.18 ) ) 0.18 ) ) )
	6)	E 13 1 ( 0 1.24 11.30 )
	7)	E 26 2 ( 0 ( 1.34 ( 1 0.18 ) ) ( 1 11.31 ) )
	8)	E 4 2 ( 0 1 )
	9)	E 19 2 ( 0 1.24 ( 0 ( 1 11.32 ) ) )
	10)	E 19 2 ( 0 ( 1 ( 1 0.11 1.51 ) ) )
	11)	E 13 1 ( 0 11.33 11.34 )
	12)	E 37 2 ( 0 ( 1 11.35 1.47 ) ( 1 ( 0 0.27 0.20 1.53 ) ) )
	13)	E 37 2 ( 0 ( 1 11.36 1.47 ) ( 1 ( 0 0.27 0.20 1.53 ) ) )
	14)	E 8 1 ( 0 11.37 )
	15)	E 44 4 ( 0 ( 0 ( 3 11.38 ( 1.6 ( 1 0.18 ) ) ( 1.1 ( 2 0.18 ) ) ) ) )
	16)	E 11 1 ( @ ( 0 0.0 ) )
	17)	E 33 3 ( 0 ( 1 2 1.47 ) ( 1 ( 0 0.27 0.20 1.53 ) ) )
	18)	E 37 2 ( 0 ( 1 11.39 1.47 ) ( 1 ( 0 0.27 0.20 1.53 ) ) )
	19)	E 17 1 ( 0 ( 0 ( 0 ( 0 0.38 ) ) ) )
	20)	E 4 1 ( 0 0 )
	21)	E 33 3 ( 2 ( 1.24 ( 0 0.18 ) ) ( 1.44 ( 1 0.18 ) ) )
	22)	E 28 1 ( 0 0.45 ( 1.60 ( 0 1.47 ) 0.45 ) )
	23)	E 11 4 ( 0 ( 1 2 ) ( 1 3 ) )
	24)	E 13 1 ( 0 1.24 11.40 )
	25)	E 4 1 ( @ 0 )
	26)	E 37 2 ( 0 ( 1 11.41 1.47 ) ( 1 ( 0 0.27 0.20 1.53 ) ) )
	27)	E 13 1 ( 0 1.24 11.42 )
	28)	E 37 2 ( 0 ( 1 11.43 1.47 ) ( 1 ( 0 0.27 0.20 1.53 ) ) )
	29)	E 23 1 ( 0 ( 2.7 ( 0 11.45 0.18 ) ) )
	30)	E 39 1 ( 0 0.45 ( 6.1 ( 0 1.47 ) 0.43 1.47 ) 1.34 @ )
	31)	E 18 2 ( 1 ( 1.41 ( 0 0.18 ) ) )
	32)	E 13 3 ( 0 1 ( 2 1.37 ) @ )
	33)	S 0.36 1 { 8.0 }
	34)	E 33 1 ( 0 ( 1.53 ( 0 2.7 11.46 11.17 0.18 ) ) )
	35)	E 3 1 ( 0 )
	36)	E 22 1 ( 5.3 ( 5.4 ( 0 0.13 ) ) )
	37)	S 0.46 1 { 12.0 }
	38)	E 7 2 ( @ ( 0 1 ) )
	39)	E 22 1 ( 5.5 ( 5.6 ( 0 0.13 ) ) )
	40)	E 14 1 ( 0 0.44 1.34 @ )
	41)	E 22 1 ( 5.7 ( 5.8 ( 0 0.13 ) ) )
	42)	E 35 1 ( 0 ( 0 11.57 1.47 ) ( 0 11.58 1.47 ) 1.34 @ )
	43)	E 22 1 ( 5.9 ( 5.10 ( 0 0.13 ) ) )
	44)	E 24 2 ( 0 ( 1 0.1 1.47 ) ( 1 11.12 ) )
	45)	S 0.35 1 { 12.0 }
	46)	E 11 2 ( 1 ( 0 0.12 ) )
	47)	E 37 2 ( 0 ( 1 11.59 1.47 ) ( 1 ( 0 0.27 0.20 1.53 ) ) )
	48)	E 37 2 ( 0 ( 1 11.60 1.47 ) ( 1 ( 0 0.27 0.20 1.53 ) ) )
	49)	E 37 2 ( 0 ( 1 11.61 1.47 ) ( 1 ( 0 0.27 0.20 1.53 ) ) )
	50)	E 31 2 ( 0 ( 4.8 ( 1 0.3 ) 1.47 ) ( 1 11.12 ) )
	51)	E 37 2 ( 0 ( 1 11.62 1.47 ) ( 1 ( 0 0.27 0.20 1.53 ) ) )
	52)	E 37 2 ( 0 ( 1 11.63 1.47 ) ( 1 ( 0 0.27 0.20 1.53 ) ) )
	53)	E 37 2 ( 0 ( 1 11.64 1.47 ) ( 1 ( 0 0.27 0.20 1.53 ) ) )
	54)	E 37 2 ( 0 ( 1 11.65 1.47 ) ( 1 ( 0 0.27 0.20 1.53 ) ) )
	55)	E 37 2 ( 0 ( 1 11.66 1.47 ) ( 1 ( 0 0.27 0.20 1.53 ) ) )
	56)	E 37 2 ( 0 ( 1 11.67 1.47 ) ( 1 ( 0 0.27 0.20 1.53 ) ) )
	57)	E 13 1 ( 0 2.7 11.68 )
	58)	E 34 1 ( 5.11 ( 5.12 ( 10.1 ( 0 1.47 ) 0.13 ) ) )
	59)	E 15 1 ( 4.0 ( 0 0.12 ) )
	60)	E 15 1 ( 4.8 ( 0 0.12 ) )
	61)	E 15 1 ( 4.1 ( 0 0.12 ) )
	62)	E 15 1 ( 4.3 ( 0 0.12 ) )
	63)	E 15 1 ( 4.4 ( 0 0.12 ) )
	64)	E 15 1 ( 4.5 ( 0 0.12 ) )
	65)	E 15 1 ( 4.6 ( 0 0.12 ) )
	66)	E 15 1 ( 4.7 ( 0 0.12 ) )
	67)	E 15 1 ( 4.9 ( 0 0.12 ) )
	68)	S 0.12 1 { 10.1 }
}

12)	lookup_table 3 {
	0)	181 2 {
		0.0	?
		1.0	A
		1.1	FALSE
		2.0	GUI
		0.1	GUI_ECT
		0.2	GUI_cls
		0.3	GUI_conway
		0.4	GUI_copy
		0.5	GUI_draw_bool
		0.6	GUI_draw_color
		0.7	GUI_draw_outline
		0.8	GUI_draw_silhouette
		0.9	GUI_embed_center
		0.10	GUI_flex
		0.11	GUI_get_color
		0.12	GUI_pen_color
		0.13	GUI_pen_move
		0.14	GUI_poit
		1.2	Hercules
		0.15	IMG_Load
		1.3	Kronos
		1.4	PYE
		1.5	SAL
		0.16	SDL_BlitSurface
		0.17	SDL_Flip
		2.1	SDL_Rect
		2.2	SDL_Surface
		1.6	TRUE
		1.7	Zeus
		0.18	^
		1.8	a
		11.0	a1
		11.1	a2
		11.2	a3
		11.3	a4
		11.4	a5
		1.9	a6
		1.10	accessors
		0.19	add
		11.5	addnew
		1.11	all
		1.12	all_in_line
		11.6	all_on_line
		11.7	append
		11.8	application
		11.9	apply_to_all
		2.3	array
		0.18	associate
		2.4	associative_array
		3.0	audi
		11.10	autopilot
		1.13	b
		1.14	bar
		1.15	baz
		2.5	bitmap
		1.16	bitmaps
		4.0	black
		4.1	blue
		1.17	bmp
		1.18	c
		2.6	char
		0.20	char_print
		2.7	color
		11.11	color_action
		1.19	colors
		5.0	cols
		2.8	cpp_primitive
		2.9	cstring
		1.20	d
		2.10	data_type
		12.1	data_types
		1.21	description
		9.0	deste
		12.0	dictionary
		0.21	display
		11.12	donothing
		2.11	double
		0.22	double_add
		0.23	double_divide
		0.24	double_multiply
		0.25	double_subtract
		11.13	down
		1.22	e
		0.26	export
		2.12	expression
		1.23	father
		1.24	first
		1.25	foo
		11.14	forget
		0.27	get_next_keydown
		1.26	go
		4.2	gray
		4.3	green
		10.0	gui
		1.27	head
		11.15	if_then
		0.28	import
		2.13	int
		0.29	int_add
		0.30	int_divide
		0.31	int_mod
		0.32	int_multiply
		0.33	int_subtract
		0.34	int_to_char
		1.28	intmap
		11.16	is_double
		11.17	key_action
		2.14	key_map
		8.0	keymap
		11.18	left
		1.29	list
		1.30	list1
		1.31	list2
		9.1	logo
		0.35	lookup
		2.15	lookup_table
		0.36	map_char
		1.32	mogo
		0.37	new_GUI
		0.38	new_SDL_Rect
		0.39	new_SDL_Surface
		0.40	new_color
		0.41	new_cstring
		0.42	new_key_map
		6.0	newline
		1.33	newlist
		11.19	newsquare
		1.34	next
		1.35	next1
		1.36	next2
		1.37	nextfunc
		1.38	notes
		1.39	og
		11.20	omega
		4.4	orange
		11.21	pair
		11.22	past
		11.23	plus
		3.0	pontiac
		1.40	pre
		1.41	prev
		12.2	primitives
		12.2	prims
		1.42	prinstr
		11.24	print_all
		0.43	printchar
		0.44	println
		0.45	printstr
		1.43	procedures
		11.25	quux
		7.0	rect
		4.5	red
		0.46	remove
		11.26	right
		5.1	rows
		5.2	scale
		9.2	scratch
		3.0	screen
		1.44	second
		11.27	showcolors
		4.6	sky
		6.1	space
		1.45	str
		0.47	strcat
		0.48	strcpy
		0.49	system
		2.16	ternary_associative_array
		9.3	test_bitmap
		1.46	tony
		1.47	toss
		1.48	type
		1.49	types
		11.28	up
		4.7	violet
		1.50	vocabulary
		1.51	weird
		1.52	went
		1.53	whereto
		4.8	white
		11.29	x
		4.9	yellow
	}
	1)	17 2 {
		2.0	GUI
		2.1	SDL_Rect
		2.2	SDL_Surface
		2.3	array
		2.4	associative_array
		2.5	bitmap
		2.6	char
		2.7	color
		2.8	cpp_primitive
		2.9	cstring
		2.10	data_type
		2.11	double
		2.12	expression
		2.13	int
		2.14	key_map
		2.15	lookup_table
		2.16	ternary_associative_array
	}
	2)	51 2 {
		0.0	?
		0.1	GUI_ECT
		0.2	GUI_cls
		0.3	GUI_conway
		0.4	GUI_copy
		0.5	GUI_draw_bool
		0.6	GUI_draw_color
		0.7	GUI_draw_outline
		0.8	GUI_draw_silhouette
		0.9	GUI_embed_center
		0.10	GUI_flex
		0.11	GUI_get_color
		0.12	GUI_pen_color
		0.13	GUI_pen_move
		0.14	GUI_poit
		0.15	IMG_Load
		0.16	SDL_BlitSurface
		0.17	SDL_Flip
		0.19	add
		0.18	associate
		0.20	char_print
		0.21	display
		0.22	double_add
		0.23	double_divide
		0.24	double_multiply
		0.25	double_subtract
		0.26	export
		0.27	get_next_keydown
		0.28	import
		0.29	int_add
		0.30	int_divide
		0.31	int_mod
		0.32	int_multiply
		0.33	int_subtract
		0.34	int_to_char
		0.35	lookup
		0.36	map_char
		0.37	new_GUI
		0.38	new_SDL_Rect
		0.39	new_SDL_Surface
		0.40	new_color
		0.41	new_cstring
		0.42	new_key_map
		0.43	printchar
		0.44	println
		0.45	printstr
		0.46	remove
		0.50	scratch
		0.47	strcat
		0.48	strcpy
		0.49	system
	}
}

A) 3 2 116 {
		1.34	1.34	1.24
		6.98	1.53	11.49
		1.70	1.41	1.69
		6.114	2.7	4.5
		1.11	1.21	1.54
		1.24	1.41	1.34
		6.99	1.53	11.50
		1.71	1.41	1.70
		6.115	2.7	4.6
		1.43	1.24	11.5
		1.10	1.24	1.41
		1.30	1.37	1.35
		1.11	1.24	1.16
		6.48	1.53	11.47
		1.38	1.34	1.43
		6.118	2.7	4.7
		6.103	1.53	11.51
		1.16	1.21	1.56
		1.8	1.34	1.13
		1.50	1.21	1.61
		1.41	1.34	1.48
		1.34	1.41	1.21
		1.43	1.34	1.49
		6.1	1.53	11.44
		6.121	2.7	4.9
		1.8	1.36	1.22
		1.49	1.24	1.29
		6.106	1.53	11.12
		1.16	1.24	9.0
		1.50	1.24	1.62
		6.107	1.53	11.12
		1.38	1.41	1.16
		6.108	1.53	11.12
		9.1	1.41	9.0
		1.13	1.34	1.18
		1.62	1.34	1.64
		1.39	1.32	1.46
		6.98	2.7	4.1
		1.19	1.24	1.57
		1.13	1.35	1.18
		1.48	1.34	1.21
		1.63	1.34	1.65
		1.63	2.7	4.4
		1.31	1.24	1.20
		1.43	1.41	1.38
		1.49	1.34	1.50
		6.57	1.53	11.48
		6.111	1.53	11.52
		11.16	2.13	1.1
		1.16	1.34	1.38
		1.10	1.41	1.50
		1.50	1.34	1.10
		4.1	1.51	11.18
		6.48	2.7	4.0
		11.25	1.25	1.15
		1.18	1.34	1.8
		1.38	1.48	1.29
		1.65	1.34	1.66
		6.114	1.53	11.53
		6.103	2.7	4.3
		1.65	2.7	4.9
		1.18	1.35	1.8
		1.66	1.34	1.67
		6.115	1.53	11.54
		1.66	2.7	4.3
		11.16	2.11	1.6
		1.48	1.41	1.41
		4.0	1.51	11.28
		1.63	1.41	1.57
		1.67	1.34	1.68
		1.67	2.7	4.1
		1.21	1.34	1.34
		4.5	1.51	11.26
		1.49	1.41	1.43
		1.68	1.34	1.69
		1.68	2.7	4.7
		1.20	1.36	1.8
		1.10	1.48	1.29
		1.50	1.41	1.49
		1.69	1.34	1.70
		6.118	1.53	11.55
		6.145	1.53	11.28
		1.69	2.7	4.8
		1.64	1.41	1.62
		1.31	1.37	1.36
		1.11	1.48	1.29
		1.70	1.34	1.71
		6.146	1.53	11.13
		1.70	2.7	4.2
		1.30	1.24	1.8
		4.8	1.51	11.13
		1.65	1.41	1.63
		6.147	1.53	11.26
		1.71	2.7	4.0
		1.2	1.23	1.7
		1.38	1.21	1.59
		1.66	1.41	1.65
		6.121	1.53	11.56
		6.148	1.53	11.18
		9.0	1.34	9.1
		1.67	1.41	1.66
		6.57	2.7	4.8
		6.111	2.7	4.4
		1.21	1.41	1.48
		1.57	1.34	1.63
		1.68	1.41	1.67
		1.57	2.7	4.5
		1.26	1.40	1.52
		1.7	1.23	1.3
		1.38	1.24	1.58
		1.16	1.48	1.29
		1.50	1.48	1.29
		6.97	1.53	11.10
		1.69	1.41	1.68
		1.0	1.0	0.15
		1.10	1.21	1.55
	}
