universe patterns

classe 11 {
	0)	item 0
	1)	list 3
	2)	array 0
	3)	ascii 87
	4)	color 9
	5)	frame 0
	6)	grid 87
	7)	fuzzy_set 0
	8)	fuzzy_set_family 0
	9)	fuzzy_output_family 0
	10)	FLE 0
}

0)	item 0 {
}

1)	list 3 {
	0)	9 { 4.0 4.1 4.2 4.3 4.4 4.5 4.6 4.7 4.8 }
	1)	87 { 3.0 3.1 3.2 3.3 3.4 3.5 3.6 3.7 3.8 3.9 3.10 3.11 3.12 3.13 3.14 3.15 3.16 3.17 3.18 3.19 3.20 3.21 3.22 3.23 3.24 3.25 3.26 3.27 3.28 3.29 3.30 3.31 3.32 3.33 3.34 3.35 3.36 3.37 3.38 3.39 3.40 3.41 3.42 3.43 3.44 3.45 3.46 3.47 3.48 3.49 3.50 3.51 3.52 3.53 3.54 3.55 3.56 3.57 3.58 3.59 3.60 3.61 3.62 3.63 3.64 3.65 3.66 3.67 3.68 3.69 3.70 3.71 3.72 3.73 3.74 3.75 3.76 3.77 3.78 3.79 3.80 3.81 3.82 3.83 3.84 3.85 3.86 }
	2)	87 { 6.0 6.1 6.2 6.3 6.4 6.5 6.6 6.7 6.8 6.9 6.10 6.11 6.12 6.13 6.14 6.15 6.16 6.17 6.18 6.19 6.20 6.21 6.22 6.23 6.24 6.25 6.26 6.27 6.28 6.29 6.30 6.31 6.32 6.33 6.34 6.35 6.36 6.37 6.38 6.39 6.40 6.41 6.42 6.43 6.44 6.45 6.46 6.47 6.48 6.49 6.50 6.51 6.52 6.53 6.54 6.55 6.56 6.57 6.58 6.59 6.60 6.61 6.62 6.63 6.64 6.65 6.66 6.67 6.68 6.69 6.70 6.71 6.72 6.73 6.74 6.75 6.76 6.77 6.78 6.79 6.80 6.81 6.82 6.83 6.84 6.85 6.86 }
}

2)	array 0 {
}

3)	ascii 87 {
	0)	8
	1)	blue_and_red\11
	2)	cold
	3)	colorful
	4)	composite
	5)	conway
	6)	cross_ant
	7)	d
	8)	deleteme
	9)	deste
	10)	domino
	11)	eden
	12)	glider
	13)	good
	14)	hot
	15)	inner
	16)	junk
	17)	loaf
	18)	minus
	19)	new
	20)	rainbow
	21)	random
	22)	ri
	23)	s
	24)	static
	25)	test
	26)	topdown
	27)	tri
	28)	trivial_ant
	29)	vergessen
	30)	warm
	31)	window
	32)	k
	33)	conway2
	34)	copier
	35)	junk2
	36)	junk3
	37)	redgreen
	38)	accordion
	39)	DSII_indent
	40)	smile
	41)	boat
	42)	red_cap
	43)	purina
	44)	flex
	45)	flex_select
	46)	Jacobi
	47)	real
	48)	real
	49)	braille_a
	50)	braille_b
	51)	braille_c
	52)	braille_d
	53)	braille_e
	54)	braille_f
	55)	braille_g
	56)	braille_h
	57)	braille_i
	58)	braille_j
	59)	braille_l
	60)	braille_k
	61)	braille_m
	62)	braille_n
	63)	braille_o
	64)	braille_p
	65)	braille_q
	66)	braille_r
	67)	braille_s
	68)	braille_t
	69)	braille_v
	70)	braille_u
	71)	braille_v
	72)	braille_w
	73)	braille_x
	74)	braille_y
	75)	braille_z
	76)	braille_capital
	77)	braille_number
	78)	braille_period
	79)	braille_comma
	80)	braille_question
	81)	braille_semicolon
	82)	braille_exclamation
	83)	braille_opening_quote
	84)	braille_closing_quote
	85)	next
	86)	weak
}

4)	color 9 {
	0)	FFFFFF
	1)	000000
	2)	0000FF
	3)	FF0000
	4)	FFFF00
	5)	FF7F00
	6)	7F00FF
	7)	00FF00
	8)	7F7F7F
}

5)	frame 0 {
}

6)	grid 87 {
	0)	7 5 0 {
		0	1	0	1	0
		1	0	0	0	1
		0	1	1	1	0
		0	0	0	0	0
		0	1	0	1	0
		1	0	0	0	1
		0	1	1	1	0
	}
	1)	9 7 0 {
		0	0	2	2	0	0	0
		0	0	2	2	0	0	0
		0	0	2	2	0	0	0
		2	0	0	2	0	0	2
		2	0	3	0	0	0	2
		0	3	0	3	0	0	0
		0	0	3	0	0	0	0
		0	0	0	2	0	0	0
		0	0	0	2	0	0	0
	}
	2)	5 4 0 {
		0	2	2	0
		2	0	0	2
		2	0	0	0
		2	0	0	2
		0	2	2	0
	}
	3)	9 8 0 {
		1	4	0	4	1	0	0	0
		4	5	3	5	4	0	0	0
		0	3	1	3	0	0	0	0
		4	5	3	5	4	0	0	0
		1	4	0	4	1	0	0	0
		0	0	0	0	0	0	0	0
		0	0	0	0	4	0	2	1
		0	0	0	0	5	3	6	0
		0	0	0	0	0	1	1	1
	}
	4)	10 11 0 {
		4	0	4	0	4	0	0	0	0	0	0
		0	4	0	4	0	0	0	0	0	0	0
		0	0	0	0	0	0	0	0	0	0	0
		0	0	0	0	0	0	0	0	0	0	0
		0	0	0	0	0	0	0	0	0	0	0
		0	0	0	0	1	0	0	2	0	2	0
		0	0	0	0	0	0	2	3	2	3	2
		0	0	0	0	1	0	3	3	3	3	2
		0	0	0	0	0	0	3	2	2	2	0
		0	0	0	0	1	0	2	0	0	0	0
	}
	5)	4 4 0 {
		0	0	4	0
		0	4	0	4
		4	0	4	0
		0	4	0	0
	}
	6)	9 7 0 {
		0	0	2	2	0	0	0
		0	0	2	2	0	0	0
		0	0	2	2	0	0	0
		2	0	0	2	0	0	2
		2	0	0	2	0	0	2
		0	0	0	2	0	0	0
		0	0	0	2	0	0	0
		0	0	0	2	0	0	0
		0	0	0	2	0	0	0
	}
	7)	8 5 0 {
		0	0	0	1	0
		0	0	0	1	0
		0	0	0	1	0
		0	0	0	1	0
		0	1	1	1	0
		1	0	0	1	0
		1	0	0	0	0
		0	1	1	1	1
	}
	8)	3 4 0 {
		7	0	0	0
		7	0	0	0
		7	7	7	7
	}
	9)	5 5 0 {
		1	1	1	1	1
		0	0	1	0	0
		1	1	1	1	1
		0	0	1	0	0
		1	1	1	1	1
	}
	10)	9 6 0 {
		0	2	2	2	2	2
		0	2	0	0	0	2
		0	2	0	2	0	2
		0	2	0	0	0	2
		2	2	2	2	2	2
		0	2	0	0	0	2
		0	2	0	2	0	2
		0	2	0	0	0	2
		2	2	2	2	2	2
	}
	11)	14 14 0 {
		1	0	1	1	1	1	1	1	1	1	1	1	1	1
		1	1	1	0	1	0	1	0	1	0	1	1	0	1
		0	1	1	1	0	1	0	1	0	1	0	1	1	1
		1	1	1	0	1	1	1	1	1	1	1	1	1	0
		1	0	1	1	0	1	1	1	1	1	0	1	0	1
		1	1	1	1	1	1	0	1	1	1	1	1	1	0
		1	0	1	1	1	0	1	1	0	1	0	1	0	1
		0	1	0	1	0	1	1	1	1	1	1	1	1	0
		1	1	1	1	1	1	1	0	1	1	1	1	0	1
		0	1	1	1	0	1	0	1	1	1	0	1	1	0
		1	1	1	0	1	0	1	0	1	0	1	1	1	1
		1	1	1	1	0	1	1	1	0	1	1	0	1	0
		1	0	1	1	1	0	1	1	1	0	1	1	0	1
		1	1	0	1	0	1	0	1	0	1	1	0	1	0
	}
	12)	3 3 0 {
		0	1	0
		0	0	6
		6	6	6
	}
	13)	7 5 0 {
		0	1	0	1	0
		1	0	1	0	1
		0	0	0	0	1
		0	1	1	1	0
		1	0	0	0	0
		1	0	1	0	1
		0	1	0	1	0
	}
	14)	3 3 0 {
		3	0	3
		3	3	3
		3	0	3
	}
	15)	5 5 0 {
		0	2	0	2	0
		2	3	2	3	2
		3	3	3	3	2
		3	2	2	2	0
		2	0	0	0	0
	}
	16)	8 5 0 {
		0	4	7	7	4
		7	4	4	4	7
		0	0	0	0	0
		0	0	0	0	0
		0	0	0	0	0
		0	7	0	2	0
		0	2	0	7	0
		0	0	0	4	0
	}
	17)	8 5 0 {
		0	0	1	1	0
		0	1	0	0	3
		0	0	3	0	3
		0	0	0	3	0
		0	0	0	0	0
		0	0	0	0	0
		3	3	0	0	0
		3	3	0	0	0
	}
	18)	1 2 1 {
		3	3
	}
	19)	5 14 0 {
		1	0	0	1	0	1	1	1	0	1	0	0	0	1
		1	1	0	1	0	1	0	0	0	1	0	0	0	1
		1	0	1	1	0	1	1	0	0	1	0	1	0	1
		1	0	0	1	0	1	0	0	0	1	1	0	1	1
		1	0	0	1	0	1	1	1	0	1	0	0	0	1
	}
	20)	3 4 0 {
		4	0	2	1
		5	3	6	0
		0	1	1	1
	}
	21)	13 15 0 {
		5	0	0	0	0	0	0	0	0	0	0	0	0	0	0
		0	0	0	0	0	0	0	0	0	0	0	0	0	0	0
		0	0	0	0	0	0	0	0	0	0	0	1	1	1	0
		0	0	0	0	0	0	7	7	7	0	1	1	5	5	1
		0	0	0	0	0	0	7	0	7	0	1	7	4	5	1
		2	0	0	0	0	0	7	7	4	0	1	7	7	1	1
		0	0	0	0	0	0	0	0	0	0	0	1	1	1	0
		0	0	0	0	0	7	0	0	0	0	0	0	0	0	0
		0	0	0	0	0	0	0	0	0	0	4	0	0	0	0
		0	0	0	0	0	0	0	0	0	4	0	4	0	0	0
		0	0	0	0	0	0	0	0	4	0	4	0	3	3	0
		0	0	0	0	0	0	0	0	0	4	0	0	0	3	0
		0	0	0	0	0	7	0	0	0	0	0	3	3	1	0
	}
	22)	5 6 0 {
		1	0	1	1	0	1
		1	1	0	0	0	1
		1	0	0	0	0	1
		1	0	0	0	0	1
		1	0	0	0	0	1
	}
	23)	6 5 0 {
		0	0	1	1	0
		0	1	0	0	1
		0	1	0	1	1
		1	1	0	1	0
		1	0	0	1	0
		0	1	1	0	0
	}
	24)	19 20 0 {
		0	1	1	0	0	0	0	0	0	0	1	1	0	0	0	0	0	0	0	0
		0	1	1	0	0	0	0	0	0	0	1	1	0	0	0	0	0	0	0	0
		0	0	0	0	0	0	0	0	0	0	0	0	0	0	0	0	0	0	0	0
		0	0	0	0	0	0	0	0	0	0	0	0	0	0	1	1	0	0	0	0
		0	0	0	0	0	0	0	0	0	0	0	0	0	1	0	1	0	0	0	0
		0	0	0	0	0	0	0	0	0	0	0	0	0	0	1	0	0	0	0	0
		0	0	0	0	0	0	0	0	0	0	0	0	0	0	0	0	0	0	0	0
		0	0	0	0	0	0	0	0	0	0	0	0	0	0	0	0	0	0	0	0
		0	0	0	0	0	0	0	0	0	0	0	0	0	0	0	0	0	0	0	0
		1	0	0	0	0	0	0	0	0	0	0	0	1	1	0	0	0	0	0	1
		0	1	0	0	0	0	0	0	0	0	0	1	0	0	1	0	0	0	1	0
		0	1	0	0	0	0	0	0	0	0	0	1	0	0	1	0	0	0	1	0
		1	0	0	0	0	0	0	0	0	0	0	0	1	1	0	0	0	0	0	1
		0	0	0	0	0	0	0	0	0	0	0	0	0	0	0	0	0	0	0	0
		0	0	0	0	0	0	0	0	0	0	0	0	0	0	0	0	0	0	0	0
		0	0	0	0	0	0	0	0	0	0	0	0	0	0	0	0	0	0	0	0
		0	0	0	0	0	0	0	0	0	0	0	0	0	0	0	0	0	0	1	0
		0	0	0	0	0	0	0	0	0	0	0	0	0	0	0	0	0	1	0	1
		0	0	0	0	0	0	0	0	0	0	0	0	0	0	0	0	0	1	1	0
	}
	25)	3 3 0 {
		1	1	1
		1	0	1
		1	1	1
	}
	26)	5 5 0 {
		1	1	1	1	1
		0	0	1	0	0
		0	1	1	1	0
		0	0	1	0	0
		0	0	1	0	0
	}
	27)	7 8 0 {
		1	0	0	0	0	0	0	0
		1	0	0	0	0	0	0	0
		1	0	1	0	1	1	0	1
		1	0	1	1	0	0	0	1
		1	0	1	0	0	0	0	1
		1	0	1	0	0	0	0	1
		1	0	1	0	0	0	0	1
	}
	28)	3 3 0 {
		0	3	0
		3	0	3
		0	3	0
	}
	29)	3 5 0 {
		0	1	0	1	0
		1	0	0	0	1
		0	1	1	1	0
	}
	30)	3 5 0 {
		4	0	4	0	4
		4	0	4	0	4
		0	4	0	4	0
	}
	31)	5 6 0 {
		0	1	1	1	1	1
		0	1	0	0	0	1
		0	1	0	1	0	1
		0	1	0	0	0	1
		1	1	1	1	1	1
	}
	32)	3 3 0 {
		1	0	1
		1	1	0
		1	0	1
	}
	33)	5 4 0 {
		0	0	1	0
		0	1	0	1
		1	0	0	0
		0	1	0	1
		0	0	1	0
	}
	34)	20 17 0 {
		0	0	0	0	0	0	0	0	1	0	1	0	0	0	0	1	0
		0	0	0	0	0	0	0	0	0	1	0	0	0	0	0	0	0
		0	0	0	1	1	1	0	0	0	0	0	0	0	0	0	0	0
		0	0	0	0	0	0	0	0	0	0	0	0	0	0	0	0	0
		0	0	0	0	0	0	0	0	0	0	0	0	0	0	0	0	0
		0	0	0	0	0	0	0	0	0	0	0	0	0	0	0	0	0
		0	0	0	0	0	0	0	0	0	0	0	0	0	0	0	0	0
		0	0	0	0	0	0	0	0	0	0	0	0	0	0	0	0	0
		0	0	0	0	0	0	0	0	0	0	0	0	0	0	0	0	0
		0	0	0	0	0	0	0	0	0	0	0	0	0	0	0	0	0
		0	0	0	0	0	0	0	0	0	0	0	0	0	0	0	0	0
		0	1	1	0	0	0	0	0	0	0	0	0	0	0	0	0	0
		1	0	0	1	0	0	0	0	3	3	3	3	3	3	0	0	0
		1	0	1	0	0	0	0	0	3	0	0	0	0	3	0	0	0
		0	1	0	0	0	0	0	0	3	0	3	3	0	3	0	0	0
		0	0	0	0	0	0	0	0	3	0	0	0	0	3	0	0	0
		0	0	0	0	0	0	0	3	3	3	3	3	3	3	0	0	0
		0	0	0	0	0	0	0	0	0	0	0	0	0	0	0	1	0
		0	0	0	0	0	0	0	0	0	0	0	0	0	0	1	0	1
		0	0	0	0	0	0	0	0	0	1	1	0	0	0	1	0	1
	}
	35)	11 11 0 {
		0	0	0	0	1	1	1	0	0	0	0
		0	0	0	1	0	0	1	0	0	0	0
		0	0	0	1	1	0	0	1	0	0	0
		0	1	1	0	0	0	1	1	1	1	1
		1	0	0	1	0	0	1	0	0	0	1
		1	0	0	1	0	0	1	0	1	0	1
		1	0	0	1	0	0	1	0	0	0	1
		0	1	1	0	0	1	1	1	1	1	1
		0	0	0	1	1	0	0	1	0	0	0
		0	0	0	1	0	0	1	0	0	0	0
		0	0	0	0	1	1	1	0	0	0	0
	}
	36)	20 20 0 {
		0	0	0	0	0	1	0	1	0	0	0	1	0	1	0	0	0	0	0	0
		0	0	0	0	0	0	0	1	0	0	0	0	1	0	0	0	0	0	0	0
		0	0	0	0	0	0	0	1	0	0	0	0	0	0	0	0	1	0	0	0
		0	0	0	0	0	0	0	0	0	0	0	0	0	0	0	1	0	1	0	0
		0	0	0	0	1	0	0	1	0	0	0	0	0	0	0	1	0	0	1	0
		0	0	0	0	0	1	1	1	0	0	0	0	0	0	0	0	0	0	1	0
		0	0	0	0	0	0	0	0	0	0	0	0	0	0	0	1	0	1	0	0
		0	0	0	0	0	0	0	0	0	0	0	0	0	0	0	0	1	0	0	0
		0	0	0	0	0	0	0	0	0	0	0	0	0	0	0	0	0	0	0	0
		1	0	0	0	0	0	0	0	0	0	0	0	1	1	1	0	0	0	1	1
		0	0	0	0	0	0	0	0	0	0	0	0	0	0	0	0	0	0	0	0
		0	0	0	0	0	0	0	0	0	0	0	0	0	0	0	0	1	0	0	0
		0	0	0	0	0	0	0	0	0	0	0	0	0	0	0	0	1	0	0	0
		0	0	0	0	0	0	0	0	0	0	0	0	0	0	0	0	1	0	0	0
		0	0	0	0	0	0	0	0	0	0	0	0	0	0	0	0	0	0	0	0
		0	0	0	0	0	0	0	0	0	0	0	0	0	0	0	0	0	0	0	0
		0	0	0	0	0	0	0	0	0	0	0	0	0	0	0	0	0	0	0	0
		0	0	0	0	0	0	0	0	0	0	0	0	0	0	0	0	0	0	0	0
		0	0	0	0	0	0	0	0	0	0	0	1	1	0	0	0	0	0	0	0
		0	0	0	0	0	0	1	0	0	0	1	0	0	1	0	0	0	0	0	0
	}
	37)	9 4 0 {
		0	3	0	0
		3	0	3	0
		0	0	0	0
		0	1	0	0
		0	1	0	7
		0	1	0	0
		0	1	0	7
		0	1	0	0
		0	1	1	1
	}
	38)	5 5 0 {
		0	0	1	1	0
		0	0	1	0	1
		0	1	1	1	1
		1	1	1	0	0
		1	1	0	0	0
	}
	39)	5 4 0 {
		1	1	4	1
		4	4	4	4
		4	1	4	0
		4	4	4	4
		4	0	4	0
	}
	40)	5 2 0 {
		0	1
		1	0
		0	1
		0	1
		1	0
	}
	41)	3 4 0 {
		0	1	1	0
		1	0	0	1
		0	1	1	0
	}
	42)	20 10 0 {
		0	0	0	0	0	0	0	1	0	0
		0	0	0	0	1	1	1	0	0	0
		0	0	0	0	0	0	0	0	0	0
		0	0	0	0	0	0	0	0	0	0
		0	0	0	0	0	0	0	0	0	0
		0	0	0	0	0	0	0	0	0	0
		0	0	0	0	0	0	0	0	0	0
		0	0	0	0	0	0	0	0	0	0
		0	0	0	0	0	0	0	0	0	0
		0	0	3	0	0	0	0	0	0	0
		0	3	0	3	0	0	0	0	0	0
		1	0	0	0	2	0	0	0	0	0
		2	0	0	0	2	0	0	0	0	0
		2	0	0	0	2	0	0	0	0	0
		0	2	0	2	0	0	0	0	0	0
		0	0	2	0	0	0	0	2	2	0
		0	0	0	0	0	0	0	1	0	1
		0	0	0	0	0	0	0	0	0	1
		0	0	0	1	1	1	0	0	0	1
		0	0	0	1	0	0	0	0	1	0
	}
	43)	3 3 0 {
		3	0	3
		0	3	0
		3	0	3
	}
	44)	7 15 0 {
		0	0	3	0	0	1	0	0	0	0	0	0	0	0	0
		0	3	0	3	0	1	0	0	0	0	0	0	0	0	0
		0	1	0	0	0	1	0	0	1	1	0	0	1	0	1
		1	1	1	0	0	1	0	1	0	0	1	0	0	1	0
		0	1	0	0	0	1	0	1	1	1	0	0	0	1	0
		0	1	0	0	0	1	0	1	0	0	0	0	0	1	0
		0	1	0	0	0	1	0	0	1	1	0	0	1	0	1
	}
	45)	7 15 0 {
		0	0	6	0	0	1	0	0	0	0	0	0	0	0	0
		0	6	0	6	0	1	0	0	0	0	0	0	0	0	0
		0	6	0	0	0	1	0	0	1	1	0	0	1	0	1
		6	6	6	0	0	1	0	1	0	0	1	0	0	1	0
		0	6	0	0	0	1	0	1	1	1	0	0	0	1	0
		0	6	0	0	0	1	0	1	0	0	0	0	0	1	0
		0	6	0	0	0	1	0	0	1	1	0	0	1	0	1
	}
	46)	6 6 0 {
		1	1	4	4	4	4
		1	1	4	4	4	4
		4	4	1	4	4	4
		4	4	4	1	1	1
		4	4	4	1	1	1
		4	4	4	1	1	1
	}
	47)	10 10 0 {
		0	3	3	3	3	3	3	0	0	0
		3	0	0	0	0	0	0	3	0	0
		0	0	3	0	3	0	0	0	3	0
		0	0	3	0	3	0	0	0	3	0
		0	0	3	0	3	0	0	3	0	0
		0	0	3	0	3	0	3	0	0	0
		0	0	3	0	3	0	0	3	0	0
		0	0	3	0	3	0	0	0	3	0
		0	0	3	0	3	0	0	0	0	3
		0	0	3	0	3	0	0	0	0	3
	}
	48)	10 10 0 {
		0	3	3	3	3	3	3	0	0	0
		3	0	0	0	0	0	0	3	0	0
		0	0	3	0	3	0	0	0	3	0
		0	0	3	0	3	0	0	0	3	0
		0	0	3	0	3	0	0	3	0	0
		0	0	3	0	3	0	3	0	0	0
		0	0	3	0	3	0	0	3	0	0
		0	0	3	0	3	0	0	0	3	0
		0	0	3	0	3	0	0	0	0	3
		0	0	3	0	3	0	0	0	0	3
	}
	49)	3 2 0 {
		2	8
		8	8
		8	8
	}
	50)	3 2 0 {
		2	8
		2	8
		8	8
	}
	51)	3 2 0 {
		2	2
		8	8
		8	8
	}
	52)	3 2 0 {
		2	2
		8	2
		8	8
	}
	53)	3 2 0 {
		2	8
		8	2
		8	8
	}
	54)	3 2 0 {
		2	2
		2	8
		8	8
	}
	55)	3 2 0 {
		2	2
		2	2
		8	8
	}
	56)	3 2 0 {
		2	8
		2	2
		8	8
	}
	57)	3 2 0 {
		8	2
		2	8
		8	8
	}
	58)	3 2 0 {
		8	2
		2	2
		8	8
	}
	59)	3 2 0 {
		2	8
		2	8
		2	8
	}
	60)	3 2 0 {
		2	8
		8	8
		2	8
	}
	61)	3 2 0 {
		2	2
		8	8
		2	8
	}
	62)	3 2 0 {
		2	2
		8	2
		2	8
	}
	63)	3 2 0 {
		2	8
		8	2
		2	8
	}
	64)	3 2 0 {
		2	2
		2	8
		2	8
	}
	65)	3 2 0 {
		2	2
		2	2
		2	8
	}
	66)	3 2 0 {
		2	8
		2	2
		2	8
	}
	67)	3 2 0 {
		8	2
		2	8
		2	8
	}
	68)	3 2 0 {
		8	2
		2	2
		2	8
	}
	69)	3 2 0 {
		2	8
		2	8
		2	2
	}
	70)	3 2 0 {
		2	8
		8	8
		2	2
	}
	71)	3 2 0 {
		2	8
		2	8
		2	2
	}
	72)	3 2 0 {
		8	2
		2	2
		8	2
	}
	73)	3 2 0 {
		2	2
		8	8
		2	2
	}
	74)	3 2 0 {
		2	2
		8	2
		2	2
	}
	75)	3 2 0 {
		2	8
		8	2
		2	2
	}
	76)	3 2 0 {
		8	8
		8	8
		8	2
	}
	77)	3 2 0 {
		8	2
		8	2
		2	2
	}
	78)	3 2 0 {
		8	8
		2	2
		8	2
	}
	79)	3 2 0 {
		8	8
		2	8
		8	8
	}
	80)	3 2 0 {
		8	8
		2	8
		2	2
	}
	81)	3 2 0 {
		8	8
		2	8
		2	8
	}
	82)	3 2 0 {
		8	8
		2	2
		2	8
	}
	83)	3 2 0 {
		8	8
		2	8
		2	2
	}
	84)	3 2 0 {
		8	8
		8	2
		2	2
	}
	85)	9 18 0 {
		0	2	0	0	0	1	0	0	0	0	0	0	0	0	0	0	2	0
		0	2	2	0	0	1	0	0	0	0	0	0	0	0	0	0	2	0
		0	2	0	2	0	1	0	0	1	1	0	0	1	0	1	0	2	0
		0	2	0	2	0	1	0	1	0	0	1	0	0	1	0	0	2	2
		0	2	0	2	0	1	0	1	1	1	0	0	0	1	0	0	2	0
		0	2	0	0	2	1	0	1	0	0	0	0	0	1	0	0	2	0
		0	2	0	0	0	1	0	0	1	1	0	0	1	0	1	0	2	2
		0	0	0	0	0	0	0	0	0	0	0	0	0	0	0	0	0	0
		0	3	3	3	3	3	3	3	3	3	3	3	3	3	3	3	3	3
	}
	86)	4 4 0 {
		8	0	8	0
		8	8	8	8
		8	0	8	0
		8	8	8	8
	}
}

7)	fuzzy_set 0 {
}

8)	fuzzy_set_family 0 {
}

9)	fuzzy_output_family 0 {
}

10)	FLE 0 {
}

