root: 6.0

0)	cpp_primitive 56 {
	0)	?
	1)	GUI_ECT
	2)	GUI_cls
	3)	GUI_conway
	4)	GUI_copy
	5)	GUI_draw_bool
	6)	GUI_draw_color
	7)	GUI_draw_outline
	8)	GUI_draw_silhouette
	9)	GUI_embed_center
	10)	GUI_flex
	11)	GUI_get_color
	12)	GUI_pen_color
	13)	GUI_pen_move
	14)	GUI_poit
	15)	SDL_BlitSurface
	16)	SDL_Flip
	17)	associate
	18)	add
	19)	capitalize
	20)	char_print
	21)	charcat
	22)	display
	23)	double_add
	24)	double_divide
	25)	double_multiply
	26)	double_subtract
	27)	export
	28)	get_next_keydown
	29)	import
	30)	int_add
	31)	int_divide
	32)	int_equals
	33)	int_greaterthan
	34)	int_lessthan
	35)	int_mod
	36)	int_multiply
	37)	int_subtract
	38)	int_to_char
	39)	lookup
	40)	map_char
	41)	new_GUI
	42)	new_SDL_Rect
	43)	new_SDL_Surface
	44)	new_color
	45)	new_cstring
	46)	new_key_map
	47)	printchar
	48)	println
	49)	printstr
	50)	remove
	51)	scratch
	52)	strcat
	53)	strcpy
	54)	strlen
	55)	system
}

1)	cstring 124 {
	0)	,
	1)	Continental
	2)	-
	3)	I
	4)	.
	5)	"
	6)	\20
	7)	_
	8)	_statement
	9)	a
	10)	accusative
	11)	adjective
	12)	adverb
	13)	apply_to_all
	14)	article
	15)	breakfast
	16)	case
	17)	climb
	18)	comma-delimited
	19)	comparative
	20)	comparative_type
	21)	conjugate
	22)	definite
	23)	definiteness
	24)	eat
	25)	express_noun
	26)	false
	27)	first_person
	28)	future
	29)	genitive
	30)	has_article
	31)	have
	32)	imperfect
	33)	indefinite
	34)	inexplicably
	35)	infinitive
	36)	intransitive
	37)	irregular
	38)	last
	39)	list
	40)	man
	41)	modified
	42)	modifiers
	43)	modify
	44)	more
	45)	next
	46)	nix
	47)	node
	48)	nominative
	49)	noun
	50)	number
	51)	object
	52)	old
	53)	part_of_speech
	54)	particle
	55)	past
	56)	past_imperfect
	57)	perfect
	58)	person
	59)	phrase
	60)	plural
	61)	plural_type
	62)	present
	63)	progressive
	64)	pronoun
	65)	qualifiers
	66)	regular
	67)	replace
	68)	root
	69)	second_person
	70)	simple
	71)	singular
	72)	small
	73)	state
	74)	statement
	75)	subject
	76)	superlative
	77)	tense
	78)	the
	79)	third
	80)	third_person
	81)	to
	82)	transitive
	83)	transitivity
	84)	true
	85)	type
	86)	value
	87)	verb
	88)	will
	89)	word
	90)	y
	91)	z
	92)	have
	93)	noun\20phrase
	94)	verb\20phrase
	95)	past\20imperfect
	96)	past\20perfect
	97)	accusative\20plural
	98)	genitive\20plural
	99)	nominative\20plural
	100)	some
	101)	men
	102)	pronoun\20as\20phrase
	103)	has
	104)	nominative\20singular
	105)	accusative\20singular
	106)	genitive\20singular
	107)	the
	108)	will\20
	109)	to\20
	110)	ate
	111)	eaten
	112)	us
	113)	our
	114)	we
	115)	
	116)	I
	117)	me
	118)	my
	119)	x
	120)	ed
	121)	s
	122)	s
	123)	,\20
}

2)	data_type 18 {
	0)	GUI
	1)	SDL_Rect
	2)	SDL_Surface
	3)	array
	4)	associative_array
	5)	bitmap
	6)	bool
	7)	char
	8)	color
	9)	cpp_primitive
	10)	cstring
	11)	data_type
	12)	double
	13)	expression
	14)	int
	15)	key_map
	16)	lookup_table
	17)	ternary_associative_array
}

3)	char 32 {
	0)	0
	1)	0
	2)	0
	3)	0
	4)	0
	5)	0
	6)	0
	7)	0
	8)	0
	9)	0
	10)	0
	11)	0
	12)	0
	13)	0
	14)	0
	15)	0
	16)	0
	17)	0
	18)	0
	19)	0
	20)	0
	21)	0
	22)	0
	23)	0
	24)	0
	25)	0
	26)	0
	27)	0
	28)	0
	29)	0
	30)	0
	31)	0
}

4)	int 18 {
	0)	0
	1)	0
	2)	1
	3)	1
	4)	1
	5)	2
	6)	1
	7)	1
	8)	1
	9)	1
	10)	1
	11)	1
	12)	1
	13)	1
	14)	1
	15)	1
	16)	1
	17)	2
}

5)	expression 184 {
	0)	E 14 1 ( 0 ( @ ( 0 0.0 ) ) )
	1)	E 23 2 ( 0 ( 1.45 ( 1 5.14 0.17 ) ) )
	2)	E 21 2 ( 0 ( 1 ( 1.91 ( 0 1.85 ) ) ) )
	3)	E 47 2 ( 0 0.54 ( 1 0.54 5.0 ) 5.15 0.45 ( 0 0.53 ) ( 1 0.52 ) )
	4)	E 19 2 ( 1 ( 0 5.0 ) ( 1 5.0 ) )
	5)	E 16 2 ( 0 ( 1 5.14 5.16 ) )
	6)	E 14 1 ( 0 ( @ ( 0 1.85 ) ) )
	7)	E 8 1 ( 0 5.18 )
	8)	E 19 3 ( 0 ( 2 5.0 ) ( 1 5.0 ) )
	9)	E 20 1 ( 4.0 ( 0 1.46 ) 0.38 )
	10)	E 16 2 ( 0 ( 1 5.14 5.45 ) )
	11)	E 18 1 ( 0 1.45 5.46 5.47 )
	12)	E 23 1 ( 5.9 ( 0 ( 0 5.48 0.17 ) ) )
	13)	E 18 1 ( 0 1.45 5.63 5.64 )
	14)	E 40 1 ( 4.1 ( 0 1.46 ) 0.38 5.71 ( 1.86 ( 0 0.17 ) ) )
	15)	S 0.30 1 { 4.2 }
	16)	E 46 2 ( 0 ( 0 1.38 ( 1.45 ( 1 0.17 ) ) 1.46 ) ( 1.38 ( 1 0.17 ) ) )
	17)	E 3 1 ( 0 )
	18)	S 0.50 1 { 6.0 }
	19)	E 24 3 ( 1.108 ( 0 5.0 ) ( 1 1.46 2 ) )
	20)	E 24 3 ( 1.109 ( 0 5.0 ) ( 1 1.46 2 ) )
	21)	E 8 1 ( 0 1.60 )
	22)	E 38 3 ( 0 5.74 ( 1.19 ( 1 0.17 ) ) ( 1.76 ( 2 0.17 ) ) )
	23)	E 4 2 ( 0 1 )
	24)	E 13 1 ( 0 1.45 5.75 )
	25)	E 8 1 ( 0 5.24 )
	26)	E 18 1 ( 0 1.42 5.6 5.76 )
	27)	E 23 2 ( 0 ( 0 1.86 1 1.46 ) 1.45 @ )
	28)	E 8 1 ( 0 5.77 )
	29)	E 13 1 ( 0 5.67 5.78 )
	30)	E 13 1 ( 0 5.67 5.79 )
	31)	E 13 1 ( 0 5.67 5.80 )
	32)	E 13 1 ( 0 5.83 5.84 )
	33)	E 11 2 ( 0 ( 5.6 1 ) )
	34)	E 13 1 ( 0 5.67 5.85 )
	35)	E 13 1 ( 0 5.67 5.88 )
	36)	E 21 2 ( 1 ( 0 ( 5.6 ( 1 1.53 ) ) ) )
	37)	E 8 1 ( 0 5.91 )
	38)	E 23 2 ( 0 5.95 ( 1.60 ( 1 0.17 ) ) )
	39)	E 33 2 ( 0 ( 1.60 ( 1 0.17 ) ) ( 1.71 ( 0 0.17 ) ) )
	40)	E 48 4 ( 0 ( 1.99 ( 1 0.17 ) ) ( 1.97 ( 2 0.17 ) ) ( 1.98 ( 3 0.17 ) ) )
	41)	E 18 1 ( 0 ( 1.25 ( 0 1.61 ) ) )
	42)	E 43 4 ( 0 ( 1.27 ( 1 0.17 ) ) ( 1.69 ( 2 0.17 ) ) ( ( 3 0.17 ) ) )
	43)	E 19 3 ( 0 ( 5.6 1 ) ( 2 1.46 ) )
	44)	E 13 1 ( 0 5.67 5.96 )
	45)	E 46 2 ( 0 ( 1 ( 1.45 ( 0 1.45 0.17 ) ) 1.46 ) ( 1.45 ( 1 0.17 ) ) )
	46)	E 21 1 ( 0 1.86 ( 0 1.45 5.100 ) )
	47)	E 20 1 ( 1.5 ( 0 5.0 ) 5.101 )
	48)	E 18 2 ( 0 ( 1.85 ( 1 0.17 ) ) )
	49)	E 8 1 ( 0 5.102 )
	50)	E 16 2 ( 0 5.103 ( 1 1.46 ) )
	51)	E 8 1 ( 0 5.104 )
	52)	E 8 1 ( 0 5.105 )
	53)	E 30 2 ( 0 ( 1.86 ( 0 1.86 1 0.17 ) ) 1.45 @ )
	54)	E 8 1 ( 0 5.106 )
	55)	E 15 1 ( 1.115 ( 0 1.46 ) )
	56)	E 48 4 ( 0 ( 1.104 ( 1 0.17 ) ) ( 1.105 ( 2 0.17 ) ) ( 1.106 ( 3 0.17 ) ) )
	57)	E 3 1 ( 0 )
	58)	E 96 1 ( 1.46 ( 0 1.75 5.6 ) 0.19 5.107 ( 0 1.75 1.58 ( 0 1.87 5.6 ) 5.0 ) 5.108 ( 1.46 ( 0 1.51 5.6 ) 5.0 ) 5.109 )
	59)	E 8 1 ( 0 5.110 )
	60)	E 8 1 ( 0 5.111 )
	61)	E 48 3 ( 0 ( 1.95 ( 1 0.17 ) ) ( 1.96 ( 2 0.17 ) ) ( 1.62 ( 0 0.17 ) ) )
	62)	E 3 1 ( 0 )
	63)	E 21 1 ( 0 1.86 ( 0 1.45 5.112 ) )
	64)	E 20 1 ( 1.7 ( 0 5.0 ) 5.113 )
	65)	E 13 1 ( 0 5.67 5.114 )
	66)	E 17 3 ( 0 ( 1 ( 2 ( 5.6 2 ) ) ) )
	67)	E 8 1 ( 0 5.117 )
	68)	E 21 2 ( 0 ( 1 ( 1.119 ( 0 1.73 ) ) ) )
	69)	E 23 2 ( 0 5.118 ( 1.14 ( 1 0.17 ) ) )
	70)	E 21 2 ( 0 ( 1 ( 1.119 ( 0 1.73 ) ) ) )
	71)	E 8 1 ( 0 5.119 )
	72)	E 18 2 ( 0 ( 1.77 ( 1 0.17 ) ) )
	73)	E 21 2 ( 0 ( 1 ( 1.119 ( 0 1.53 ) ) ) )
	74)	S 0.17 2 { 1.20 1.37 }
	75)	E 21 1 ( 0 1.86 ( 0 1.45 5.120 ) )
	76)	E 36 1 ( 0 0.54 5.121 5.15 0.45 ( 0 0.53 ) 5.122 )
	77)	S 0.17 2 { 1.20 1.44 }
	78)	S 0.17 2 { 1.53 1.12 }
	79)	S 0.17 2 { 1.53 1.11 }
	80)	S 0.17 2 { 1.53 1.14 }
	81)	E 13 1 ( 0 5.31 5.123 )
	82)	E 13 1 ( 0 5.31 5.124 )
	83)	E 8 1 ( 0 5.125 )
	84)	E 18 1 ( 0 ( 1.38 ( 0 0.17 ) ) )
	85)	S 0.17 2 { 1.53 1.49 }
	86)	E 80 2 ( 0 ( 1 1.46 ) 1.14 ( 0 1.50 ) 5.126 ( 0 1.42 5.6 5.0 ) 5.127 ( 0 1.68 ( ( 0 1.50 ) 5.33 ) 5.0 ) )
	87)	E 47 2 ( 0 ( 5.6 ( 0 1.73 ) ) ( 0 1.68 ( 1 ( 0 1.77 5.66 ) ) 5.0 ) )
	88)	S 0.17 2 { 1.53 1.54 }
	89)	E 29 3 ( 0 ( 2 ( 5.6 ( 0 1.77 ) ) ) ( 1 1.46 ) )
	90)	E 39 3 ( 1.31 1 5.128 ( 0 ( 2 ( 5.6 ( 0 1.77 ) ) ) 5.0 ) )
	91)	S 0.17 2 { 1.85 1.59 }
	92)	E 13 1 ( 0 5.129 5.130 )
	93)	E 28 1 ( 0 5.131 5.132 5.133 5.134 5.135 )
	94)	E 8 1 ( 0 5.136 )
	95)	S 0.17 2 { 1.61 1.37 }
	96)	S 0.17 2 { 1.53 1.64 }
	97)	E 13 1 ( 0 5.44 5.137 )
	98)	E 13 1 ( 0 5.44 5.138 )
	99)	E 13 1 ( 0 5.44 5.139 )
	100)	E 30 2 ( 0 5.140 ( 1 1.86 5.0 ) ( 1 1.45 @ ) )
	101)	E 36 1 ( 0 0.54 5.141 5.15 0.45 ( 0 0.53 ) 5.142 )
	102)	S 0.17 2 { 1.20 1.66 }
	103)	E 36 1 ( 0 0.54 5.143 5.15 0.45 ( 0 0.53 ) 5.144 )
	104)	E 36 1 ( 0 0.54 5.145 5.15 0.45 ( 0 0.53 ) 5.146 )
	105)	S 0.17 2 { 1.61 1.66 }
	106)	E 36 1 ( 0 0.54 5.147 5.15 0.45 ( 0 0.53 ) 5.148 )
	107)	E 36 1 ( 0 0.54 5.149 5.15 0.45 ( 0 0.53 ) 5.150 )
	108)	E 36 1 ( 0 0.54 5.151 5.15 0.45 ( 0 0.53 ) 5.152 )
	109)	E 36 1 ( 0 0.54 5.153 5.15 0.45 ( 0 0.53 ) 5.154 )
	110)	S 0.17 2 { 1.85 1.74 }
	111)	S 0.17 2 { 1.77 1.66 }
	112)	E 30 2 ( 0 5.155 ( 1 1.86 5.0 ) ( 1 1.45 @ ) )
	113)	E 36 1 ( 0 0.54 5.156 5.15 0.45 ( 0 0.53 ) 5.157 )
	114)	S 0.17 2 { 1.53 1.87 }
	115)	E 13 1 ( 0 5.65 5.158 )
	116)	E 13 1 ( 0 5.65 5.159 )
	117)	S 0.17 2 { 1.85 1.89 }
	118)	S 0.17 2 { 1.30 1.84 }
	119)	S 0.17 2 { 1.85 1.47 }
	120)	E 30 2 ( 0 5.166 ( 1 1.86 5.0 ) ( 1 1.45 @ ) )
	121)	S 0.30 1 { 4.3 }
	122)	S 0.52 1 { 1.6 }
	123)	S 0.17 2 { 1.23 1.22 }
	124)	S 0.17 2 { 1.23 1.33 }
	125)	S 0.17 2 { 1.85 1.39 }
	126)	E 36 1 ( 0 0.54 5.167 5.15 0.45 ( 0 0.53 ) 5.168 )
	127)	E 36 1 ( 0 0.54 5.169 5.15 0.45 ( 0 0.53 ) 5.170 )
	128)	E 36 1 ( 0 0.54 5.171 5.15 0.45 ( 0 0.53 ) 5.172 )
	129)	E 38 1 ( 0 5.9 5.37 ( 1.68 ( 0 0.17 ) ) 5.173 5.174 )
	130)	S 0.17 2 { 1.77 1.35 }
	131)	E 38 1 ( 0 5.9 5.37 ( 1.68 ( 0 0.17 ) ) 5.175 5.174 )
	132)	S 0.17 2 { 1.58 1.69 }
	133)	S 0.17 2 { 1.16 1.48 }
	134)	S 0.17 2 { 1.30 1.26 }
	135)	S 0.17 2 { 1.50 1.71 }
	136)	E 38 1 ( 0 5.9 5.37 ( 1.68 ( 0 0.17 ) ) 5.176 5.174 )
	137)	S 0.17 2 { 1.58 1.69 }
	138)	S 0.17 2 { 1.58 1.27 }
	139)	S 0.17 2 { 1.58 1.80 }
	140)	E 36 1 ( 0 0.54 5.177 5.15 0.45 ( 0 0.53 ) 5.178 )
	141)	S 0.30 1 { 4.4 }
	142)	S 0.52 1 { 1.5 }
	143)	S 0.30 1 { 4.5 }
	144)	S 0.52 1 { 1.120 }
	145)	S 0.30 1 { 4.6 }
	146)	S 0.52 1 { 1.121 }
	147)	S 0.30 1 { 4.7 }
	148)	S 0.52 1 { 1.122 }
	149)	S 0.30 1 { 4.8 }
	150)	S 0.52 1 { 1.6 }
	151)	S 0.30 1 { 4.9 }
	152)	S 0.52 1 { 1.6 }
	153)	S 0.30 1 { 4.10 }
	154)	S 0.52 1 { 1.4 }
	155)	E 36 1 ( 0 0.54 5.179 5.15 0.45 ( 0 0.53 ) 5.180 )
	156)	S 0.30 1 { 4.11 }
	157)	S 0.52 1 { 1.7 }
	158)	S 0.17 2 { 1.83 1.82 }
	159)	S 0.17 2 { 1.83 1.36 }
	160)	E 21 2 ( 0 ( 1 ( 1.90 ( 1 1.53 ) ) ) )
	161)	E 16 2 ( 0 1.42 ( 1 5.5 ) )
	162)	E 16 2 ( 0 5.92 ( 1 5.2 ) )
	163)	E 16 2 ( 0 5.93 ( 1 5.2 ) )
	164)	E 54 2 ( 0 5.181 ( 1.42 ( 0 5.9 5.32 0.17 ) ) ( 0 1.42 ( 1 5.5 ) 1.46 ) )
	165)	E 16 2 ( 0 5.94 ( 1 5.2 ) )
	166)	E 36 1 ( 0 0.54 5.182 5.15 0.45 ( 0 0.53 ) 5.183 )
	167)	S 0.30 1 { 4.12 }
	168)	S 0.52 1 { 1.6 }
	169)	S 0.30 1 { 4.13 }
	170)	S 0.52 1 { 1.6 }
	171)	S 0.30 1 { 4.14 }
	172)	S 0.52 1 { 1.6 }
	173)	S 0.17 2 { 1.53 1.94 }
	174)	S 0.17 2 { 1.73 1.70 }
	175)	S 0.17 2 { 1.53 1.93 }
	176)	S 0.17 2 { 1.53 1.102 }
	177)	S 0.30 1 { 4.15 }
	178)	S 0.52 1 { 1.6 }
	179)	S 0.30 1 { 4.16 }
	180)	S 0.52 1 { 1.7 }
	181)	S 0.17 2 { 1.73 1.41 }
	182)	S 0.30 1 { 4.17 }
	183)	S 0.52 1 { 1.123 }
}

6)	lookup_table 3 {
	0)	186 2 {
		5.0	+
		0.0	?
		1.0	COMMA
		1.1	Continental
		2.0	GUI
		0.1	GUI_ECT
		0.2	GUI_cls
		0.3	GUI_conway
		0.4	GUI_copy
		0.5	GUI_draw_bool
		0.6	GUI_draw_color
		0.7	GUI_draw_outline
		0.8	GUI_draw_silhouette
		0.9	GUI_embed_center
		0.10	GUI_flex
		0.11	GUI_get_color
		0.12	GUI_pen_color
		0.13	GUI_pen_move
		0.14	GUI_poit
		1.2	HYPHEN
		1.3	I
		1.4	PERIOD
		1.5	QUOTE
		0.15	SDL_BlitSurface
		0.16	SDL_Flip
		2.1	SDL_Rect
		2.2	SDL_Surface
		1.6	SPACE
		1.7	UNDERSCORE
		0.17	^
		3.0	_object
		1.8	_statement
		3.1	_subject
		3.2	_verb
		1.9	a
		1.10	accusative
		0.18	add
		1.11	adjective
		1.12	adverb
		5.1	append
		5.2	apply
		1.13	apply_to_all
		2.3	array
		1.14	article
		0.17	associate
		2.4	associative_array
		2.5	bitmap
		2.6	bool
		1.15	breakfast
		0.19	capitalize
		1.16	case
		2.7	char
		0.20	char_print
		0.21	charcat
		1.17	climb
		2.8	color
		1.18	comma-delimited
		1.19	comparative
		1.20	comparative_type
		5.3	concatenate
		1.21	conjugate
		2.9	cpp_primitive
		2.10	cstring
		2.11	data_type
		6.1	data_types
		1.22	definite
		1.23	definiteness
		6.0	dictionary
		0.22	display
		2.12	double
		0.23	double_add
		0.24	double_divide
		0.25	double_multiply
		0.26	double_subtract
		1.24	eat
		5.4	enclose
		5.5	enqueue
		0.27	export
		5.6	express
		1.25	express_noun
		2.13	expression
		1.26	false
		1.27	first_person
		5.7	forget
		1.28	future
		1.29	genitive
		0.28	get_next_keydown
		1.30	has_article
		1.31	have
		1.32	imperfect
		0.29	import
		1.33	indefinite
		1.34	inexplicably
		1.35	infinitive
		5.8	infix
		2.14	int
		0.30	int_add
		0.31	int_divide
		0.32	int_equals
		0.33	int_greaterthan
		0.34	int_lessthan
		0.35	int_mod
		0.36	int_multiply
		0.37	int_subtract
		0.38	int_to_char
		1.36	intransitive
		1.37	irregular
		2.15	key_map
		1.38	last
		1.39	list
		0.39	lookup
		2.16	lookup_table
		1.40	man
		0.40	map_char
		1.41	modified
		1.42	modifiers
		1.43	modify
		1.44	more
		5.9	new
		0.41	new_GUI
		0.42	new_SDL_Rect
		0.43	new_SDL_Surface
		0.44	new_color
		0.45	new_cstring
		0.46	new_key_map
		1.45	next
		1.46	nix
		1.47	node
		1.48	nominative
		1.49	noun
		1.50	number
		1.51	object
		1.52	old
		1.53	part_of_speech
		1.54	particle
		1.55	past
		1.56	past_imperfect
		1.57	perfect
		1.58	person
		1.59	phrase
		1.60	plural
		1.61	plural_type
		1.62	present
		6.2	primitives
		0.47	printchar
		0.48	println
		0.49	printstr
		1.63	progressive
		1.64	pronoun
		5.10	push
		1.65	qualifiers
		5.11	quotate
		5.12	register
		1.66	regular
		0.50	remove
		1.67	replace
		1.68	root
		0.51	scratch
		1.69	second_person
		1.70	simple
		1.71	singular
		1.72	small
		1.73	state
		1.74	statement
		0.52	strcat
		0.53	strcpy
		0.54	strlen
		1.75	subject
		1.76	superlative
		0.55	system
		1.77	tense
		2.17	ternary_associative_array
		1.78	the
		1.79	third
		1.80	third_person
		1.81	to
		1.82	transitive
		1.83	transitivity
		1.84	true
		1.85	type
		5.13	underline
		1.86	value
		1.87	verb
		1.88	will
		1.89	word
		1.90	y
	}
	1)	18 2 {
		2.0	GUI
		2.1	SDL_Rect
		2.2	SDL_Surface
		2.3	array
		2.4	associative_array
		2.5	bitmap
		2.6	bool
		2.7	char
		2.8	color
		2.9	cpp_primitive
		2.10	cstring
		2.11	data_type
		2.12	double
		2.13	expression
		2.14	int
		2.15	key_map
		2.16	lookup_table
		2.17	ternary_associative_array
	}
	2)	56 2 {
		0.0	?
		0.1	GUI_ECT
		0.2	GUI_cls
		0.3	GUI_conway
		0.4	GUI_copy
		0.5	GUI_draw_bool
		0.6	GUI_draw_color
		0.7	GUI_draw_outline
		0.8	GUI_draw_silhouette
		0.9	GUI_embed_center
		0.10	GUI_flex
		0.11	GUI_get_color
		0.12	GUI_pen_color
		0.13	GUI_pen_move
		0.14	GUI_poit
		0.15	SDL_BlitSurface
		0.16	SDL_Flip
		0.18	add
		0.17	associate
		0.19	capitalize
		0.20	char_print
		0.21	charcat
		0.22	display
		0.23	double_add
		0.24	double_divide
		0.25	double_multiply
		0.26	double_subtract
		0.27	export
		0.28	get_next_keydown
		0.29	import
		0.30	int_add
		0.31	int_divide
		0.32	int_equals
		0.33	int_greaterthan
		0.34	int_lessthan
		0.35	int_mod
		0.36	int_multiply
		0.37	int_subtract
		0.38	int_to_char
		0.39	lookup
		0.40	map_char
		0.41	new_GUI
		0.42	new_SDL_Rect
		0.43	new_SDL_Surface
		0.44	new_color
		0.45	new_cstring
		0.46	new_key_map
		0.47	printchar
		0.48	println
		0.49	printstr
		0.50	remove
		0.51	scratch
		0.52	strcat
		0.53	strcpy
		0.54	strlen
		0.55	system
	}
}

A) 3 2 285 {
		1.8	1.87	3.2
		1.10	1.60	1.97
		3.0	1.42	3.4
		3.0	1.58	1.69
		1.78	1.60	1.107
		3.13	1.86	1.53
		3.11	1.45	3.21
		3.17	1.86	1.1
		3.29	1.45	3.31
		5.6	1.39	5.25
		1.8	1.75	3.0
		1.53	1.38	3.10
		3.9	1.85	1.47
		3.19	1.86	1.52
		3.1	1.73	1.41
		3.27	1.86	1.12
		5.6	1.80	5.62
		3.20	1.45	3.3
		3.13	1.85	1.47
		1.24	1.95	1.110
		3.7	1.86	1.48
		1.40	1.60	1.101
		3.17	1.85	1.47
		3.8	1.86	1.71
		3.19	1.85	1.47
		1.60	1.37	5.38
		3.6	1.85	1.39
		1.81	1.85	1.89
		1.10	1.85	1.16
		5.6	1.59	5.36
		5.44	1.69	5.97
		3.27	1.85	1.47
		3.1	1.14	1.78
		1.77	1.45	3.14
		1.78	1.85	1.89
		1.25	1.37	5.21
		1.19	1.44	5.28
		3.1	1.50	1.60
		5.9	1.87	5.65
		3.7	1.85	1.47
		1.90	1.11	5.68
		1.24	1.83	1.82
		3.8	1.85	1.47
		5.0	2.10	5.3
		1.15	1.61	1.66
		5.37	1.87	5.92
		1.3	1.106	1.118
		5.6	1.37	5.23
		1.31	1.85	1.89
		3.6	1.38	3.19
		3.1	1.53	1.93
		1.40	1.85	1.89
		3.0	1.16	1.48
		1.72	1.53	1.11
		3.25	1.45	3.12
		5.6	1.93	5.86
		1.64	1.85	1.53
		1.9	1.60	1.100
		5.6	1.70	5.55
		5.65	1.82	5.115
		1.59	1.49	1.93
		1.16	1.71	5.56
		3.18	1.86	1.34
		3.0	1.68	1.15
		3.15	1.86	1.95
		1.17	1.85	1.89
		1.1	1.85	1.89
		1.3	1.105	1.117
		3.18	1.85	1.47
		1.13	1.43	5.27
		3.5	1.85	1.39
		1.24	1.53	1.87
		3.15	1.85	1.47
		1.52	1.53	1.11
		1.91	1.77	5.72
		1.3	1.99	1.114
		1.9	1.85	1.89
		3.1	1.30	1.84
		5.9	1.12	5.29
		3.30	1.86	1.96
		5.6	1.60	5.41
		3.5	1.38	3.18
		5.31	1.22	5.81
		3.22	1.45	3.25
		1.15	1.53	1.49
		1.50	1.45	3.8
		5.9	1.47	5.14
		5.6	1.74	5.58
		1.31	1.27	1.92
		1.77	1.66	5.60
		1.59	1.87	1.94
		3.30	1.85	1.47
		5.31	1.33	5.82
		1.60	1.85	1.50
		1.53	1.45	3.11
		3.2	1.85	1.59
		3.24	1.86	1.11
		1.119	1.59	5.160
		3.28	1.86	1.63
		5.65	1.36	5.116
		5.0	2.14	0.30
		1.119	1.64	5.165
		1.90	1.12	5.70
		3.24	1.85	1.47
		1.3	1.85	1.89
		3.28	1.85	1.47
		5.6	1.49	5.33
		1.54	1.85	1.53
		1.34	1.85	1.89
		3.13	1.45	3.22
		3.2	1.42	3.5
		1.21	1.62	5.42
		3.6	1.45	3.19
		1.119	1.93	5.160
		3.0	1.73	1.41
		1.119	1.70	5.164
		3.27	1.45	3.29
		3.26	1.86	1.28
		1.78	1.23	1.22
		1.49	1.85	1.53
		1.1	1.20	1.44
		3.7	1.45	3.20
		5.44	1.80	5.99
		3.8	1.45	3.9
		5.6	1.35	5.20
		1.31	1.69	1.103
		1.11	1.85	1.53
		1.3	1.58	1.27
		3.21	1.86	1.87
		5.9	1.14	5.31
		5.6	1.28	5.19
		3.10	1.86	1.54
		3.26	1.85	1.47
		3.16	1.86	1.72
		3.0	1.14	1.9
		3.0	1.50	1.71
		1.13	1.67	5.53
		1.35	1.85	1.77
		3.21	1.85	1.47
		3.23	1.86	1.62
		1.28	1.85	1.77
		1.48	1.71	1.104
		3.0	1.53	1.93
		1.77	1.37	5.61
		3.10	1.85	1.47
		5.6	1.27	5.17
		5.6	1.87	5.66
		3.4	1.85	1.39
		3.16	1.85	1.47
		1.16	1.60	5.40
		1.29	1.71	1.106
		1.119	1.102	5.160
		3.14	1.86	1.35
		3.1	1.85	1.59
		1.88	1.53	1.54
		3.23	1.85	1.47
		1.17	1.77	1.66
		3.31	1.86	1.64
		3.5	1.45	3.18
		1.40	1.61	1.37
		1.87	1.85	1.53
		3.4	1.38	3.17
		1.72	1.85	1.89
		3.2	1.68	1.24
		5.6	1.62	5.43
		1.3	1.104	1.116
		3.3	1.86	1.29
		1.9	1.23	1.33
		1.90	1.14	5.69
		1.65	1.85	1.39
		3.14	1.85	1.47
		1.31	1.83	1.82
		5.9	1.39	5.32
		1.3	1.97	1.112
		3.31	1.85	1.47
		1.16	1.85	1.39
		3.1	1.42	3.6
		3.1	1.58	1.69
		1.91	1.59	5.73
		1.19	1.66	5.49
		1.62	1.85	1.77
		3.11	1.86	1.49
		3.3	1.85	1.47
		1.3	1.98	1.113
		3.29	1.86	1.14
		3.0	1.30	1.84
		1.65	1.38	3.12
		1.24	1.85	1.89
		1.52	1.85	1.89
		1.10	1.71	1.105
		3.30	1.45	3.15
		5.6	1.96	5.90
		5.6	1.94	5.87
		1.78	1.71	1.78
		1.119	1.49	5.163
		5.9	1.59	5.37
		1.16	1.38	3.3
		1.81	1.53	1.54
		3.20	1.86	1.10
		1.17	1.83	1.36
		1.55	1.57	1.96
		3.11	1.85	1.47
		1.78	1.53	1.14
		5.6	1.69	5.54
		3.29	1.85	1.47
		1.39	1.18	5.24
		3.2	1.77	1.96
		5.9	1.64	5.44
		3.12	1.86	1.77
		1.15	1.85	1.89
		1.96	1.85	1.77
		5.6	1.41	5.26
		1.31	1.53	1.87
		5.37	1.64	5.94
		3.20	1.85	1.47
		3.24	1.45	3.27
		1.40	1.53	1.49
		3.28	1.45	3.30
		3.12	1.85	1.47
		1.12	1.85	1.53
		1.77	1.85	1.39
		3.1	1.16	1.48
		5.6	1.95	5.89
		3.25	1.86	1.16
		1.17	1.53	1.87
		1.119	1.87	5.162
		1.1	1.53	1.11
		3.1	1.68	1.40
		1.77	1.38	3.15
		1.9	1.71	1.9
		1.55	1.32	1.95
		3.26	1.45	3.28
		1.72	1.20	1.66
		1.63	1.85	1.77
		1.95	1.85	1.77
		3.2	1.73	1.41
		3.25	1.85	1.47
		1.9	1.53	1.14
		1.8	1.85	1.74
		3.21	1.45	3.24
		1.19	1.37	5.22
		1.60	1.14	5.39
		1.60	1.66	5.52
		5.9	1.74	5.59
		3.4	1.45	3.16
		1.8	1.51	3.1
		3.16	1.45	3.17
		1.24	1.62	1.24
		1.25	1.66	5.51
		1.48	1.60	1.99
		1.52	1.20	1.66
		3.22	1.86	1.50
		1.29	1.60	1.98
		1.91	1.89	5.73
		1.59	1.64	1.102
		5.6	1.66	5.50
		3.23	1.45	3.26
		1.119	1.94	5.160
		5.6	1.71	5.57
		3.2	1.53	1.94
		5.9	1.54	5.35
		5.44	1.27	5.98
		1.65	1.45	3.13
		5.9	1.89	5.67
		3.14	1.45	3.23
		3.0	1.85	1.59
		3.22	1.85	1.47
		3.31	1.45	3.10
		1.14	1.85	1.53
		1.50	1.85	1.39
		1.24	1.96	1.111
		1.16	1.45	3.7
		1.48	1.85	1.16
		1.119	1.41	5.161
		1.71	1.85	1.50
		5.9	1.49	5.34
		1.88	1.85	1.89
		1.3	1.53	1.64
		1.29	1.85	1.16
		1.34	1.53	1.12
		1.53	1.85	1.39
		5.9	1.11	5.30
		3.9	1.86	1.60
		5.37	1.49	5.93
		1.50	1.38	3.9
	}
